000000 4
000001 4
000002 4
000003 4
000004 4
000005 4
000006 4
000007 4
000008 4
000009 4
000010 4
000011 4
000012 4
000013 4
000014 4
000015 4
000016 4
000017 4
000018 4
000019 4
000020 4
000021 4
000022 4
000023 4
000024 4
000025 4
000026 4
000027 4
000028 4
000029 4
000030 4
000031 4
000032 4
000033 4
000034 4
000035 4
000036 4
000037 4
000038 4
000039 4
000040 4
000041 4
000042 4
000043 4
000044 4
000045 4
000046 4
000047 4
000048 4
000049 4
000050 7
000051 7
000052 7
000053 7
000054 7
000055 7
000056 7
000057 7
000058 7
000059 7
000060 7
000061 7
000062 7
000063 7
000064 7
000065 7
000066 7
000067 7
000068 7
000069 7
000070 7
000071 7
000072 7
000073 7
000074 7
000075 7
000076 7
000077 7
000078 7
000079 7
000080 7
000081 7
000082 7
000083 7
000084 7
000085 7
000086 7
000087 7
000088 7
000089 7
000090 7
000091 7
000092 7
000093 7
000094 7
000095 7
000096 7
000097 7
000098 7
000099 7
000100 10
000101 10
000102 10
000103 10
000104 10
000105 10
000106 10
000107 10
000108 10
000109 10
000110 10
000111 10
000112 10
000113 10
000114 10
000115 10
000116 10
000117 10
000118 10
000119 10
000120 10
000121 10
000122 10
000123 10
000124 10
000125 10
000126 10
000127 10
000128 10
000129 10
000130 10
000131 10
000132 10
000133 10
000134 10
000135 10
000136 10
000137 10
000138 10
000139 10
000140 10
000141 10
000142 10
000143 10
000144 10
000145 10
000146 10
000147 10
000148 10
000149 10
000150 25
000151 25
000152 25
000153 25
000154 25
000155 25
000156 25
000157 25
000158 25
000159 25
000160 25
000161 25
000162 25
000163 25
000164 25
000165 25
000166 25
000167 25
000168 25
000169 25
000170 25
000171 25
000172 25
000173 25
000174 25
000175 25
000176 25
000177 25
000178 25
000179 25
000180 25
000181 25
000182 25
000183 25
000184 25
000185 25
000186 25
000187 25
000188 25
000189 25
000190 25
000191 25
000192 25
000193 25
000194 25
000195 25
000196 25
000197 25
000198 25
000199 25
000200 35
000201 35
000202 35
000203 35
000204 35
000205 35
000206 35
000207 35
000208 35
000209 35
000210 35
000211 35
000212 35
000213 35
000214 35
000215 35
000216 35
000217 35
000218 35
000219 35
000220 35
000221 35
000222 35
000223 35
000224 35
000225 35
000226 35
000227 35
000228 35
000229 35
000230 35
000231 35
000232 35
000233 35
000234 35
000235 35
000236 35
000237 35
000238 35
000239 35
000240 35
000241 35
000242 35
000243 35
000244 35
000245 35
000246 35
000247 35
000248 35
000249 35
000250 39
000251 39
000252 39
000253 39
000254 39
000255 39
000256 39
000257 39
000258 39
000259 39
000260 39
000261 39
000262 39
000263 39
000264 39
000265 39
000266 39
000267 39
000268 39
000269 39
000270 39
000271 39
000272 39
000273 39
000274 39
000275 39
000276 39
000277 39
000278 39
000279 39
000280 39
000281 39
000282 39
000283 39
000284 39
000285 39
000286 39
000287 39
000288 39
000289 39
000290 39
000291 39
000292 39
000293 39
000294 39
000295 39
000296 39
000297 39
000298 39
000299 39
000300 49
000301 49
000302 49
000303 49
000304 49
000305 49
000306 49
000307 49
000308 49
000309 49
000310 49
000311 49
000312 49
000313 49
000314 49
000315 49
000316 49
000317 49
000318 49
000319 49
000320 49
000321 49
000322 49
000323 49
000324 49
000325 49
000326 49
000327 49
000328 49
000329 49
000330 49
000331 49
000332 49
000333 49
000334 49
000335 49
000336 49
000337 49
000338 49
000339 49
000340 49
000341 49
000342 49
000343 49
000344 49
000345 49
000346 49
000347 49
000348 49
000349 49
000350 51
000351 51
000352 51
000353 51
000354 51
000355 51
000356 51
000357 51
000358 51
000359 51
000360 51
000361 51
000362 51
000363 51
000364 51
000365 51
000366 51
000367 51
000368 51
000369 51
000370 51
000371 51
000372 51
000373 51
000374 51
000375 51
000376 51
000377 51
000378 51
000379 51
000380 51
000381 51
000382 51
000383 51
000384 51
000385 51
000386 51
000387 51
000388 51
000389 51
000390 51
000391 51
000392 51
000393 51
000394 51
000395 51
000396 51
000397 51
000398 51
000399 51
000400 52
000401 52
000402 52
000403 52
000404 52
000405 52
000406 52
000407 52
000408 52
000409 52
000410 52
000411 52
000412 52
000413 52
000414 52
000415 52
000416 52
000417 52
000418 52
000419 52
000420 52
000421 52
000422 52
000423 52
000424 52
000425 52
000426 52
000427 52
000428 52
000429 52
000430 52
000431 52
000432 52
000433 52
000434 52
000435 52
000436 52
000437 52
000438 52
000439 52
000440 52
000441 52
000442 52
000443 52
000444 52
000445 52
000446 52
000447 52
000448 52
000449 52
000450 64
000451 64
000452 64
000453 64
000454 64
000455 64
000456 64
000457 64
000458 64
000459 64
000460 64
000461 64
000462 64
000463 64
000464 64
000465 64
000466 64
000467 64
000468 64
000469 64
000470 64
000471 64
000472 64
000473 64
000474 64
000475 64
000476 64
000477 64
000478 64
000479 64
000480 64
000481 64
000482 64
000483 64
000484 64
000485 64
000486 64
000487 64
000488 64
000489 64
000490 64
000491 64
000492 64
000493 64
000494 64
000495 64
000496 64
000497 64
000498 64
000499 64
000500 80
000501 80
000502 80
000503 80
000504 80
000505 80
000506 80
000507 80
000508 80
000509 80
000510 80
000511 80
000512 80
000513 80
000514 80
000515 80
000516 80
000517 80
000518 80
000519 80
000520 80
000521 80
000522 80
000523 80
000524 80
000525 80
000526 80
000527 80
000528 80
000529 80
000530 80
000531 80
000532 80
000533 80
000534 80
000535 80
000536 80
000537 80
000538 80
000539 80
000540 80
000541 80
000542 80
000543 80
000544 80
000545 80
000546 80
000547 80
000548 80
000549 80
000550 97
000551 97
000552 97
000553 97
000554 97
000555 97
000556 97
000557 97
000558 97
000559 97
000560 97
000561 97
000562 97
000563 97
000564 97
000565 97
000566 97
000567 97
000568 97
000569 97
000570 97
000571 97
000572 97
000573 97
000574 97
000575 97
000576 97
000577 97
000578 97
000579 97
000580 97
000581 97
000582 97
000583 97
000584 97
000585 97
000586 97
000587 97
000588 97
000589 97
000590 97
000591 97
000592 97
000593 97
000594 97
000595 97
000596 97
000597 97
000598 97
000599 97
000600 106
000601 106
000602 106
000603 106
000604 106
000605 106
000606 106
000607 106
000608 106
000609 106
000610 106
000611 106
000612 106
000613 106
000614 106
000615 106
000616 106
000617 106
000618 106
000619 106
000620 106
000621 106
000622 106
000623 106
000624 106
000625 106
000626 106
000627 106
000628 106
000629 106
000630 106
000631 106
000632 106
000633 106
000634 106
000635 106
000636 106
000637 106
000638 106
000639 106
000640 106
000641 106
000642 106
000643 106
000644 106
000645 106
000646 106
000647 106
000648 106
000649 106
000650 116
000651 116
000652 116
000653 116
000654 116
000655 116
000656 116
000657 116
000658 116
000659 116
000660 116
000661 116
000662 116
000663 116
000664 116
000665 116
000666 116
000667 116
000668 116
000669 116
000670 116
000671 116
000672 116
000673 116
000674 116
000675 116
000676 116
000677 116
000678 116
000679 116
000680 116
000681 116
000682 116
000683 116
000684 116
000685 116
000686 116
000687 116
000688 116
000689 116
000690 116
000691 116
000692 116
000693 116
000694 116
000695 116
000696 116
000697 116
000698 116
000699 116
000700 118
000701 118
000702 118
000703 118
000704 118
000705 118
000706 118
000707 118
000708 118
000709 118
000710 118
000711 118
000712 118
000713 118
000714 118
000715 118
000716 118
000717 118
000718 118
000719 118
000720 118
000721 118
000722 118
000723 118
000724 118
000725 118
000726 118
000727 118
000728 118
000729 118
000730 118
000731 118
000732 118
000733 118
000734 118
000735 118
000736 118
000737 118
000738 118
000739 118
000740 118
000741 118
000742 118
000743 118
000744 118
000745 118
000746 118
000747 118
000748 118
000749 118
000750 129
000751 129
000752 129
000753 129
000754 129
000755 129
000756 129
000757 129
000758 129
000759 129
000760 129
000761 129
000762 129
000763 129
000764 129
000765 129
000766 129
000767 129
000768 129
000769 129
000770 129
000771 129
000772 129
000773 129
000774 129
000775 129
000776 129
000777 129
000778 129
000779 129
000780 129
000781 129
000782 129
000783 129
000784 129
000785 129
000786 129
000787 129
000788 129
000789 129
000790 129
000791 129
000792 129
000793 129
000794 129
000795 129
000796 129
000797 129
000798 129
000799 129
000800 144
000801 144
000802 144
000803 144
000804 144
000805 144
000806 144
000807 144
000808 144
000809 144
000810 144
000811 144
000812 144
000813 144
000814 144
000815 144
000816 144
000817 144
000818 144
000819 144
000820 144
000821 144
000822 144
000823 144
000824 144
000825 144
000826 144
000827 144
000828 144
000829 144
000830 144
000831 144
000832 144
000833 144
000834 144
000835 144
000836 144
000837 144
000838 144
000839 144
000840 144
000841 144
000842 144
000843 144
000844 144
000845 144
000846 144
000847 144
000848 144
000849 144
000850 147
000851 147
000852 147
000853 147
000854 147
000855 147
000856 147
000857 147
000858 147
000859 147
000860 147
000861 147
000862 147
000863 147
000864 147
000865 147
000866 147
000867 147
000868 147
000869 147
000870 147
000871 147
000872 147
000873 147
000874 147
000875 147
000876 147
000877 147
000878 147
000879 147
000880 147
000881 147
000882 147
000883 147
000884 147
000885 147
000886 147
000887 147
000888 147
000889 147
000890 147
000891 147
000892 147
000893 147
000894 147
000895 147
000896 147
000897 147
000898 147
000899 147
000900 150
000901 150
000902 150
000903 150
000904 150
000905 150
000906 150
000907 150
000908 150
000909 150
000910 150
000911 150
000912 150
000913 150
000914 150
000915 150
000916 150
000917 150
000918 150
000919 150
000920 150
000921 150
000922 150
000923 150
000924 150
000925 150
000926 150
000927 150
000928 150
000929 150
000930 150
000931 150
000932 150
000933 150
000934 150
000935 150
000936 150
000937 150
000938 150
000939 150
000940 150
000941 150
000942 150
000943 150
000944 150
000945 150
000946 150
000947 150
000948 150
000949 150
000950 156
000951 156
000952 156
000953 156
000954 156
000955 156
000956 156
000957 156
000958 156
000959 156
000960 156
000961 156
000962 156
000963 156
000964 156
000965 156
000966 156
000967 156
000968 156
000969 156
000970 156
000971 156
000972 156
000973 156
000974 156
000975 156
000976 156
000977 156
000978 156
000979 156
000980 156
000981 156
000982 156
000983 156
000984 156
000985 156
000986 156
000987 156
000988 156
000989 156
000990 156
000991 156
000992 156
000993 156
000994 156
000995 156
000996 156
000997 156
000998 156
000999 156
001000 159
001001 159
001002 159
001003 159
001004 159
001005 159
001006 159
001007 159
001008 159
001009 159
001010 159
001011 159
001012 159
001013 159
001014 159
001015 159
001016 159
001017 159
001018 159
001019 159
001020 159
001021 159
001022 159
001023 159
001024 159
001025 159
001026 159
001027 159
001028 159
001029 159
001030 159
001031 159
001032 159
001033 159
001034 159
001035 159
001036 159
001037 159
001038 159
001039 159
001040 159
001041 159
001042 159
001043 159
001044 159
001045 159
001046 159
001047 159
001048 159
001049 159
001050 281
001051 281
001052 281
001053 281
001054 281
001055 281
001056 281
001057 281
001058 281
001059 281
001060 281
001061 281
001062 281
001063 281
001064 281
001065 281
001066 281
001067 281
001068 281
001069 281
001070 281
001071 281
001072 281
001073 281
001074 281
001075 281
001076 281
001077 281
001078 281
001079 281
001080 281
001081 281
001082 281
001083 281
001084 281
001085 281
001086 281
001087 281
001088 281
001089 281
001090 281
001091 281
001092 281
001093 281
001094 281
001095 281
001096 281
001097 281
001098 281
001099 281
001100 300
001101 300
001102 300
001103 300
001104 300
001105 300
001106 300
001107 300
001108 300
001109 300
001110 300
001111 300
001112 300
001113 300
001114 300
001115 300
001116 300
001117 300
001118 300
001119 300
001120 300
001121 300
001122 300
001123 300
001124 300
001125 300
001126 300
001127 300
001128 300
001129 300
001130 300
001131 300
001132 300
001133 300
001134 300
001135 300
001136 300
001137 300
001138 300
001139 300
001140 300
001141 300
001142 300
001143 300
001144 300
001145 300
001146 300
001147 300
001148 300
001149 300
001150 322
001151 322
001152 322
001153 322
001154 322
001155 322
001156 322
001157 322
001158 322
001159 322
001160 322
001161 322
001162 322
001163 322
001164 322
001165 322
001166 322
001167 322
001168 322
001169 322
001170 322
001171 322
001172 322
001173 322
001174 322
001175 322
001176 322
001177 322
001178 322
001179 322
001180 322
001181 322
001182 322
001183 322
001184 322
001185 322
001186 322
001187 322
001188 322
001189 322
001190 322
001191 322
001192 322
001193 322
001194 322
001195 322
001196 322
001197 322
001198 322
001199 322
001200 330
001201 330
001202 330
001203 330
001204 330
001205 330
001206 330
001207 330
001208 330
001209 330
001210 330
001211 330
001212 330
001213 330
001214 330
001215 330
001216 330
001217 330
001218 330
001219 330
001220 330
001221 330
001222 330
001223 330
001224 330
001225 330
001226 330
001227 330
001228 330
001229 330
001230 330
001231 330
001232 330
001233 330
001234 330
001235 330
001236 330
001237 330
001238 330
001239 330
001240 330
001241 330
001242 330
001243 330
001244 330
001245 330
001246 330
001247 330
001248 330
001249 330
001250 333
001251 333
001252 333
001253 333
001254 333
001255 333
001256 333
001257 333
001258 333
001259 333
001260 333
001261 333
001262 333
001263 333
001264 333
001265 333
001266 333
001267 333
001268 333
001269 333
001270 333
001271 333
001272 333
001273 333
001274 333
001275 333
001276 333
001277 333
001278 333
001279 333
001280 333
001281 333
001282 333
001283 333
001284 333
001285 333
001286 333
001287 333
001288 333
001289 333
001290 333
001291 333
001292 333
001293 333
001294 333
001295 333
001296 333
001297 333
001298 333
001299 333
001300 339
001301 339
001302 339
001303 339
001304 339
001305 339
001306 339
001307 339
001308 339
001309 339
001310 339
001311 339
001312 339
001313 339
001314 339
001315 339
001316 339
001317 339
001318 339
001319 339
001320 339
001321 339
001322 339
001323 339
001324 339
001325 339
001326 339
001327 339
001328 339
001329 339
001330 339
001331 339
001332 339
001333 339
001334 339
001335 339
001336 339
001337 339
001338 339
001339 339
001340 339
001341 339
001342 339
001343 339
001344 339
001345 339
001346 339
001347 339
001348 339
001349 339
001350 347
001351 347
001352 347
001353 347
001354 347
001355 347
001356 347
001357 347
001358 347
001359 347
001360 347
001361 347
001362 347
001363 347
001364 347
001365 347
001366 347
001367 347
001368 347
001369 347
001370 347
001371 347
001372 347
001373 347
001374 347
001375 347
001376 347
001377 347
001378 347
001379 347
001380 347
001381 347
001382 347
001383 347
001384 347
001385 347
001386 347
001387 347
001388 347
001389 347
001390 347
001391 347
001392 347
001393 347
001394 347
001395 347
001396 347
001397 347
001398 347
001399 347
001400 356
001401 356
001402 356
001403 356
001404 356
001405 356
001406 356
001407 356
001408 356
001409 356
001410 356
001411 356
001412 356
001413 356
001414 356
001415 356
001416 356
001417 356
001418 356
001419 356
001420 356
001421 356
001422 356
001423 356
001424 356
001425 356
001426 356
001427 356
001428 356
001429 356
001430 356
001431 356
001432 356
001433 356
001434 356
001435 356
001436 356
001437 356
001438 356
001439 356
001440 356
001441 356
001442 356
001443 356
001444 356
001445 356
001446 356
001447 356
001448 356
001449 356
001450 365
001451 365
001452 365
001453 365
001454 365
001455 365
001456 365
001457 365
001458 365
001459 365
001460 365
001461 365
001462 365
001463 365
001464 365
001465 365
001466 365
001467 365
001468 365
001469 365
001470 365
001471 365
001472 365
001473 365
001474 365
001475 365
001476 365
001477 365
001478 365
001479 365
001480 365
001481 365
001482 365
001483 365
001484 365
001485 365
001486 365
001487 365
001488 365
001489 365
001490 365
001491 365
001492 365
001493 365
001494 365
001495 365
001496 365
001497 365
001498 365
001499 365
001500 370
001501 370
001502 370
001503 370
001504 370
001505 370
001506 370
001507 370
001508 370
001509 370
001510 370
001511 370
001512 370
001513 370
001514 370
001515 370
001516 370
001517 370
001518 370
001519 370
001520 370
001521 370
001522 370
001523 370
001524 370
001525 370
001526 370
001527 370
001528 370
001529 370
001530 370
001531 370
001532 370
001533 370
001534 370
001535 370
001536 370
001537 370
001538 370
001539 370
001540 370
001541 370
001542 370
001543 370
001544 370
001545 370
001546 370
001547 370
001548 370
001549 370
001550 389
001551 389
001552 389
001553 389
001554 389
001555 389
001556 389
001557 389
001558 389
001559 389
001560 389
001561 389
001562 389
001563 389
001564 389
001565 389
001566 389
001567 389
001568 389
001569 389
001570 389
001571 389
001572 389
001573 389
001574 389
001575 389
001576 389
001577 389
001578 389
001579 389
001580 389
001581 389
001582 389
001583 389
001584 389
001585 389
001586 389
001587 389
001588 389
001589 389
001590 389
001591 389
001592 389
001593 389
001594 389
001595 389
001596 389
001597 389
001598 389
001599 389
001600 392
001601 392
001602 392
001603 392
001604 392
001605 392
001606 392
001607 392
001608 392
001609 392
001610 392
001611 392
001612 392
001613 392
001614 392
001615 392
001616 392
001617 392
001618 392
001619 392
001620 392
001621 392
001622 392
001623 392
001624 392
001625 392
001626 392
001627 392
001628 392
001629 392
001630 392
001631 392
001632 392
001633 392
001634 392
001635 392
001636 392
001637 392
001638 392
001639 392
001640 392
001641 392
001642 392
001643 392
001644 392
001645 392
001646 392
001647 392
001648 392
001649 392
001650 394
001651 394
001652 394
001653 394
001654 394
001655 394
001656 394
001657 394
001658 394
001659 394
001660 394
001661 394
001662 394
001663 394
001664 394
001665 394
001666 394
001667 394
001668 394
001669 394
001670 394
001671 394
001672 394
001673 394
001674 394
001675 394
001676 394
001677 394
001678 394
001679 394
001680 394
001681 394
001682 394
001683 394
001684 394
001685 394
001686 394
001687 394
001688 394
001689 394
001690 394
001691 394
001692 394
001693 394
001694 394
001695 394
001696 394
001697 394
001698 394
001699 394
001700 396
001701 396
001702 396
001703 396
001704 396
001705 396
001706 396
001707 396
001708 396
001709 396
001710 396
001711 396
001712 396
001713 396
001714 396
001715 396
001716 396
001717 396
001718 396
001719 396
001720 396
001721 396
001722 396
001723 396
001724 396
001725 396
001726 396
001727 396
001728 396
001729 396
001730 396
001731 396
001732 396
001733 396
001734 396
001735 396
001736 396
001737 396
001738 396
001739 396
001740 396
001741 396
001742 396
001743 396
001744 396
001745 396
001746 396
001747 396
001748 396
001749 396
001750 400
001751 400
001752 400
001753 400
001754 400
001755 400
001756 400
001757 400
001758 400
001759 400
001760 400
001761 400
001762 400
001763 400
001764 400
001765 400
001766 400
001767 400
001768 400
001769 400
001770 400
001771 400
001772 400
001773 400
001774 400
001775 400
001776 400
001777 400
001778 400
001779 400
001780 400
001781 400
001782 400
001783 400
001784 400
001785 400
001786 400
001787 400
001788 400
001789 400
001790 400
001791 400
001792 400
001793 400
001794 400
001795 400
001796 400
001797 400
001798 400
001799 400
001800 405
001801 405
001802 405
001803 405
001804 405
001805 405
001806 405
001807 405
001808 405
001809 405
001810 405
001811 405
001812 405
001813 405
001814 405
001815 405
001816 405
001817 405
001818 405
001819 405
001820 405
001821 405
001822 405
001823 405
001824 405
001825 405
001826 405
001827 405
001828 405
001829 405
001830 405
001831 405
001832 405
001833 405
001834 405
001835 405
001836 405
001837 405
001838 405
001839 405
001840 405
001841 405
001842 405
001843 405
001844 405
001845 405
001846 405
001847 405
001848 405
001849 405
001850 406
001851 406
001852 406
001853 406
001854 406
001855 406
001856 406
001857 406
001858 406
001859 406
001860 406
001861 406
001862 406
001863 406
001864 406
001865 406
001866 406
001867 406
001868 406
001869 406
001870 406
001871 406
001872 406
001873 406
001874 406
001875 406
001876 406
001877 406
001878 406
001879 406
001880 406
001881 406
001882 406
001883 406
001884 406
001885 406
001886 406
001887 406
001888 406
001889 406
001890 406
001891 406
001892 406
001893 406
001894 406
001895 406
001896 406
001897 406
001898 406
001899 406
001900 413
001901 413
001902 413
001903 413
001904 413
001905 413
001906 413
001907 413
001908 413
001909 413
001910 413
001911 413
001912 413
001913 413
001914 413
001915 413
001916 413
001917 413
001918 413
001919 413
001920 413
001921 413
001922 413
001923 413
001924 413
001925 413
001926 413
001927 413
001928 413
001929 413
001930 413
001931 413
001932 413
001933 413
001934 413
001935 413
001936 413
001937 413
001938 413
001939 413
001940 413
001941 413
001942 413
001943 413
001944 413
001945 413
001946 413
001947 413
001948 413
001949 413
001950 415
001951 415
001952 415
001953 415
001954 415
001955 415
001956 415
001957 415
001958 415
001959 415
001960 415
001961 415
001962 415
001963 415
001964 415
001965 415
001966 415
001967 415
001968 415
001969 415
001970 415
001971 415
001972 415
001973 415
001974 415
001975 415
001976 415
001977 415
001978 415
001979 415
001980 415
001981 415
001982 415
001983 415
001984 415
001985 415
001986 415
001987 415
001988 415
001989 415
001990 415
001991 415
001992 415
001993 415
001994 415
001995 415
001996 415
001997 415
001998 415
001999 415
002000 419
002001 419
002002 419
002003 419
002004 419
002005 419
002006 419
002007 419
002008 419
002009 419
002010 419
002011 419
002012 419
002013 419
002014 419
002015 419
002016 419
002017 419
002018 419
002019 419
002020 419
002021 419
002022 419
002023 419
002024 419
002025 419
002026 419
002027 419
002028 419
002029 419
002030 419
002031 419
002032 419
002033 419
002034 419
002035 419
002036 419
002037 419
002038 419
002039 419
002040 419
002041 419
002042 419
002043 419
002044 419
002045 419
002046 419
002047 419
002048 419
002049 419
002050 421
002051 421
002052 421
002053 421
002054 421
002055 421
002056 421
002057 421
002058 421
002059 421
002060 421
002061 421
002062 421
002063 421
002064 421
002065 421
002066 421
002067 421
002068 421
002069 421
002070 421
002071 421
002072 421
002073 421
002074 421
002075 421
002076 421
002077 421
002078 421
002079 421
002080 421
002081 421
002082 421
002083 421
002084 421
002085 421
002086 421
002087 421
002088 421
002089 421
002090 421
002091 421
002092 421
002093 421
002094 421
002095 421
002096 421
002097 421
002098 421
002099 421
002100 426
002101 426
002102 426
002103 426
002104 426
002105 426
002106 426
002107 426
002108 426
002109 426
002110 426
002111 426
002112 426
002113 426
002114 426
002115 426
002116 426
002117 426
002118 426
002119 426
002120 426
002121 426
002122 426
002123 426
002124 426
002125 426
002126 426
002127 426
002128 426
002129 426
002130 426
002131 426
002132 426
002133 426
002134 426
002135 426
002136 426
002137 426
002138 426
002139 426
002140 426
002141 426
002142 426
002143 426
002144 426
002145 426
002146 426
002147 426
002148 426
002149 426
002150 429
002151 429
002152 429
002153 429
002154 429
002155 429
002156 429
002157 429
002158 429
002159 429
002160 429
002161 429
002162 429
002163 429
002164 429
002165 429
002166 429
002167 429
002168 429
002169 429
002170 429
002171 429
002172 429
002173 429
002174 429
002175 429
002176 429
002177 429
002178 429
002179 429
002180 429
002181 429
002182 429
002183 429
002184 429
002185 429
002186 429
002187 429
002188 429
002189 429
002190 429
002191 429
002192 429
002193 429
002194 429
002195 429
002196 429
002197 429
002198 429
002199 429
002200 432
002201 432
002202 432
002203 432
002204 432
002205 432
002206 432
002207 432
002208 432
002209 432
002210 432
002211 432
002212 432
002213 432
002214 432
002215 432
002216 432
002217 432
002218 432
002219 432
002220 432
002221 432
002222 432
002223 432
002224 432
002225 432
002226 432
002227 432
002228 432
002229 432
002230 432
002231 432
002232 432
002233 432
002234 432
002235 432
002236 432
002237 432
002238 432
002239 432
002240 432
002241 432
002242 432
002243 432
002244 432
002245 432
002246 432
002247 432
002248 432
002249 432
002250 443
002251 443
002252 443
002253 443
002254 443
002255 443
002256 443
002257 443
002258 443
002259 443
002260 443
002261 443
002262 443
002263 443
002264 443
002265 443
002266 443
002267 443
002268 443
002269 443
002270 443
002271 443
002272 443
002273 443
002274 443
002275 443
002276 443
002277 443
002278 443
002279 443
002280 443
002281 443
002282 443
002283 443
002284 443
002285 443
002286 443
002287 443
002288 443
002289 443
002290 443
002291 443
002292 443
002293 443
002294 443
002295 443
002296 443
002297 443
002298 443
002299 443
002300 446
002301 446
002302 446
002303 446
002304 446
002305 446
002306 446
002307 446
002308 446
002309 446
002310 446
002311 446
002312 446
002313 446
002314 446
002315 446
002316 446
002317 446
002318 446
002319 446
002320 446
002321 446
002322 446
002323 446
002324 446
002325 446
002326 446
002327 446
002328 446
002329 446
002330 446
002331 446
002332 446
002333 446
002334 446
002335 446
002336 446
002337 446
002338 446
002339 446
002340 446
002341 446
002342 446
002343 446
002344 446
002345 446
002346 446
002347 446
002348 446
002349 446
002350 453
002351 453
002352 453
002353 453
002354 453
002355 453
002356 453
002357 453
002358 453
002359 453
002360 453
002361 453
002362 453
002363 453
002364 453
002365 453
002366 453
002367 453
002368 453
002369 453
002370 453
002371 453
002372 453
002373 453
002374 453
002375 453
002376 453
002377 453
002378 453
002379 453
002380 453
002381 453
002382 453
002383 453
002384 453
002385 453
002386 453
002387 453
002388 453
002389 453
002390 453
002391 453
002392 453
002393 453
002394 453
002395 453
002396 453
002397 453
002398 453
002399 453
002400 461
002401 461
002402 461
002403 461
002404 461
002405 461
002406 461
002407 461
002408 461
002409 461
002410 461
002411 461
002412 461
002413 461
002414 461
002415 461
002416 461
002417 461
002418 461
002419 461
002420 461
002421 461
002422 461
002423 461
002424 461
002425 461
002426 461
002427 461
002428 461
002429 461
002430 461
002431 461
002432 461
002433 461
002434 461
002435 461
002436 461
002437 461
002438 461
002439 461
002440 461
002441 461
002442 461
002443 461
002444 461
002445 461
002446 461
002447 461
002448 461
002449 461
002450 477
002451 477
002452 477
002453 477
002454 477
002455 477
002456 477
002457 477
002458 477
002459 477
002460 477
002461 477
002462 477
002463 477
002464 477
002465 477
002466 477
002467 477
002468 477
002469 477
002470 477
002471 477
002472 477
002473 477
002474 477
002475 477
002476 477
002477 477
002478 477
002479 477
002480 477
002481 477
002482 477
002483 477
002484 477
002485 477
002486 477
002487 477
002488 477
002489 477
002490 477
002491 477
002492 477
002493 477
002494 477
002495 477
002496 477
002497 477
002498 477
002499 477
002500 479
002501 479
002502 479
002503 479
002504 479
002505 479
002506 479
002507 479
002508 479
002509 479
002510 479
002511 479
002512 479
002513 479
002514 479
002515 479
002516 479
002517 479
002518 479
002519 479
002520 479
002521 479
002522 479
002523 479
002524 479
002525 479
002526 479
002527 479
002528 479
002529 479
002530 479
002531 479
002532 479
002533 479
002534 479
002535 479
002536 479
002537 479
002538 479
002539 479
002540 479
002541 479
002542 479
002543 479
002544 479
002545 479
002546 479
002547 479
002548 479
002549 479
002550 481
002551 481
002552 481
002553 481
002554 481
002555 481
002556 481
002557 481
002558 481
002559 481
002560 481
002561 481
002562 481
002563 481
002564 481
002565 481
002566 481
002567 481
002568 481
002569 481
002570 481
002571 481
002572 481
002573 481
002574 481
002575 481
002576 481
002577 481
002578 481
002579 481
002580 481
002581 481
002582 481
002583 481
002584 481
002585 481
002586 481
002587 481
002588 481
002589 481
002590 481
002591 481
002592 481
002593 481
002594 481
002595 481
002596 481
002597 481
002598 481
002599 481
002600 488
002601 488
002602 488
002603 488
002604 488
002605 488
002606 488
002607 488
002608 488
002609 488
002610 488
002611 488
002612 488
002613 488
002614 488
002615 488
002616 488
002617 488
002618 488
002619 488
002620 488
002621 488
002622 488
002623 488
002624 488
002625 488
002626 488
002627 488
002628 488
002629 488
002630 488
002631 488
002632 488
002633 488
002634 488
002635 488
002636 488
002637 488
002638 488
002639 488
002640 488
002641 488
002642 488
002643 488
002644 488
002645 488
002646 488
002647 488
002648 488
002649 488
002650 499
002651 499
002652 499
002653 499
002654 499
002655 499
002656 499
002657 499
002658 499
002659 499
002660 499
002661 499
002662 499
002663 499
002664 499
002665 499
002666 499
002667 499
002668 499
002669 499
002670 499
002671 499
002672 499
002673 499
002674 499
002675 499
002676 499
002677 499
002678 499
002679 499
002680 499
002681 499
002682 499
002683 499
002684 499
002685 499
002686 499
002687 499
002688 499
002689 499
002690 499
002691 499
002692 499
002693 499
002694 499
002695 499
002696 499
002697 499
002698 499
002699 499
002700 529
002701 529
002702 529
002703 529
002704 529
002705 529
002706 529
002707 529
002708 529
002709 529
002710 529
002711 529
002712 529
002713 529
002714 529
002715 529
002716 529
002717 529
002718 529
002719 529
002720 529
002721 529
002722 529
002723 529
002724 529
002725 529
002726 529
002727 529
002728 529
002729 529
002730 529
002731 529
002732 529
002733 529
002734 529
002735 529
002736 529
002737 529
002738 529
002739 529
002740 529
002741 529
002742 529
002743 529
002744 529
002745 529
002746 529
002747 529
002748 529
002749 529
002750 535
002751 535
002752 535
002753 535
002754 535
002755 535
002756 535
002757 535
002758 535
002759 535
002760 535
002761 535
002762 535
002763 535
002764 535
002765 535
002766 535
002767 535
002768 535
002769 535
002770 535
002771 535
002772 535
002773 535
002774 535
002775 535
002776 535
002777 535
002778 535
002779 535
002780 535
002781 535
002782 535
002783 535
002784 535
002785 535
002786 535
002787 535
002788 535
002789 535
002790 535
002791 535
002792 535
002793 535
002794 535
002795 535
002796 535
002797 535
002798 535
002799 535
002800 554
002801 554
002802 554
002803 554
002804 554
002805 554
002806 554
002807 554
002808 554
002809 554
002810 554
002811 554
002812 554
002813 554
002814 554
002815 554
002816 554
002817 554
002818 554
002819 554
002820 554
002821 554
002822 554
002823 554
002824 554
002825 554
002826 554
002827 554
002828 554
002829 554
002830 554
002831 554
002832 554
002833 554
002834 554
002835 554
002836 554
002837 554
002838 554
002839 554
002840 554
002841 554
002842 554
002843 554
002844 554
002845 554
002846 554
002847 554
002848 554
002849 554
002850 567
002851 567
002852 567
002853 567
002854 567
002855 567
002856 567
002857 567
002858 567
002859 567
002860 567
002861 567
002862 567
002863 567
002864 567
002865 567
002866 567
002867 567
002868 567
002869 567
002870 567
002871 567
002872 567
002873 567
002874 567
002875 567
002876 567
002877 567
002878 567
002879 567
002880 567
002881 567
002882 567
002883 567
002884 567
002885 567
002886 567
002887 567
002888 567
002889 567
002890 567
002891 567
002892 567
002893 567
002894 567
002895 567
002896 567
002897 567
002898 567
002899 567
002900 575
002901 575
002902 575
002903 575
002904 575
002905 575
002906 575
002907 575
002908 575
002909 575
002910 575
002911 575
002912 575
002913 575
002914 575
002915 575
002916 575
002917 575
002918 575
002919 575
002920 575
002921 575
002922 575
002923 575
002924 575
002925 575
002926 575
002927 575
002928 575
002929 575
002930 575
002931 575
002932 575
002933 575
002934 575
002935 575
002936 575
002937 575
002938 575
002939 575
002940 575
002941 575
002942 575
002943 575
002944 575
002945 575
002946 575
002947 575
002948 575
002949 575
002950 585
002951 585
002952 585
002953 585
002954 585
002955 585
002956 585
002957 585
002958 585
002959 585
002960 585
002961 585
002962 585
002963 585
002964 585
002965 585
002966 585
002967 585
002968 585
002969 585
002970 585
002971 585
002972 585
002973 585
002974 585
002975 585
002976 585
002977 585
002978 585
002979 585
002980 585
002981 585
002982 585
002983 585
002984 585
002985 585
002986 585
002987 585
002988 585
002989 585
002990 585
002991 585
002992 585
002993 585
002994 585
002995 585
002996 585
002997 585
002998 585
002999 585
003000 590
003001 590
003002 590
003003 590
003004 590
003005 590
003006 590
003007 590
003008 590
003009 590
003010 590
003011 590
003012 590
003013 590
003014 590
003015 590
003016 590
003017 590
003018 590
003019 590
003020 590
003021 590
003022 590
003023 590
003024 590
003025 590
003026 590
003027 590
003028 590
003029 590
003030 590
003031 590
003032 590
003033 590
003034 590
003035 590
003036 590
003037 590
003038 590
003039 590
003040 590
003041 590
003042 590
003043 590
003044 590
003045 590
003046 590
003047 590
003048 590
003049 590
003050 605
003051 605
003052 605
003053 605
003054 605
003055 605
003056 605
003057 605
003058 605
003059 605
003060 605
003061 605
003062 605
003063 605
003064 605
003065 605
003066 605
003067 605
003068 605
003069 605
003070 605
003071 605
003072 605
003073 605
003074 605
003075 605
003076 605
003077 605
003078 605
003079 605
003080 605
003081 605
003082 605
003083 605
003084 605
003085 605
003086 605
003087 605
003088 605
003089 605
003090 605
003091 605
003092 605
003093 605
003094 605
003095 605
003096 605
003097 605
003098 605
003099 605
003100 606
003101 606
003102 606
003103 606
003104 606
003105 606
003106 606
003107 606
003108 606
003109 606
003110 606
003111 606
003112 606
003113 606
003114 606
003115 606
003116 606
003117 606
003118 606
003119 606
003120 606
003121 606
003122 606
003123 606
003124 606
003125 606
003126 606
003127 606
003128 606
003129 606
003130 606
003131 606
003132 606
003133 606
003134 606
003135 606
003136 606
003137 606
003138 606
003139 606
003140 606
003141 606
003142 606
003143 606
003144 606
003145 606
003146 606
003147 606
003148 606
003149 606
003150 626
003151 626
003152 626
003153 626
003154 626
003155 626
003156 626
003157 626
003158 626
003159 626
003160 626
003161 626
003162 626
003163 626
003164 626
003165 626
003166 626
003167 626
003168 626
003169 626
003170 626
003171 626
003172 626
003173 626
003174 626
003175 626
003176 626
003177 626
003178 626
003179 626
003180 626
003181 626
003182 626
003183 626
003184 626
003185 626
003186 626
003187 626
003188 626
003189 626
003190 626
003191 626
003192 626
003193 626
003194 626
003195 626
003196 626
003197 626
003198 626
003199 626
003200 632
003201 632
003202 632
003203 632
003204 632
003205 632
003206 632
003207 632
003208 632
003209 632
003210 632
003211 632
003212 632
003213 632
003214 632
003215 632
003216 632
003217 632
003218 632
003219 632
003220 632
003221 632
003222 632
003223 632
003224 632
003225 632
003226 632
003227 632
003228 632
003229 632
003230 632
003231 632
003232 632
003233 632
003234 632
003235 632
003236 632
003237 632
003238 632
003239 632
003240 632
003241 632
003242 632
003243 632
003244 632
003245 632
003246 632
003247 632
003248 632
003249 632
003250 633
003251 633
003252 633
003253 633
003254 633
003255 633
003256 633
003257 633
003258 633
003259 633
003260 633
003261 633
003262 633
003263 633
003264 633
003265 633
003266 633
003267 633
003268 633
003269 633
003270 633
003271 633
003272 633
003273 633
003274 633
003275 633
003276 633
003277 633
003278 633
003279 633
003280 633
003281 633
003282 633
003283 633
003284 633
003285 633
003286 633
003287 633
003288 633
003289 633
003290 633
003291 633
003292 633
003293 633
003294 633
003295 633
003296 633
003297 633
003298 633
003299 633
003300 634
003301 634
003302 634
003303 634
003304 634
003305 634
003306 634
003307 634
003308 634
003309 634
003310 634
003311 634
003312 634
003313 634
003314 634
003315 634
003316 634
003317 634
003318 634
003319 634
003320 634
003321 634
003322 634
003323 634
003324 634
003325 634
003326 634
003327 634
003328 634
003329 634
003330 634
003331 634
003332 634
003333 634
003334 634
003335 634
003336 634
003337 634
003338 634
003339 634
003340 634
003341 634
003342 634
003343 634
003344 634
003345 634
003346 634
003347 634
003348 634
003349 634
003350 645
003351 645
003352 645
003353 645
003354 645
003355 645
003356 645
003357 645
003358 645
003359 645
003360 645
003361 645
003362 645
003363 645
003364 645
003365 645
003366 645
003367 645
003368 645
003369 645
003370 645
003371 645
003372 645
003373 645
003374 645
003375 645
003376 645
003377 645
003378 645
003379 645
003380 645
003381 645
003382 645
003383 645
003384 645
003385 645
003386 645
003387 645
003388 645
003389 645
003390 645
003391 645
003392 645
003393 645
003394 645
003395 645
003396 645
003397 645
003398 645
003399 645
003400 654
003401 654
003402 654
003403 654
003404 654
003405 654
003406 654
003407 654
003408 654
003409 654
003410 654
003411 654
003412 654
003413 654
003414 654
003415 654
003416 654
003417 654
003418 654
003419 654
003420 654
003421 654
003422 654
003423 654
003424 654
003425 654
003426 654
003427 654
003428 654
003429 654
003430 654
003431 654
003432 654
003433 654
003434 654
003435 654
003436 654
003437 654
003438 654
003439 654
003440 654
003441 654
003442 654
003443 654
003444 654
003445 654
003446 654
003447 654
003448 654
003449 654
003450 679
003451 679
003452 679
003453 679
003454 679
003455 679
003456 679
003457 679
003458 679
003459 679
003460 679
003461 679
003462 679
003463 679
003464 679
003465 679
003466 679
003467 679
003468 679
003469 679
003470 679
003471 679
003472 679
003473 679
003474 679
003475 679
003476 679
003477 679
003478 679
003479 679
003480 679
003481 679
003482 679
003483 679
003484 679
003485 679
003486 679
003487 679
003488 679
003489 679
003490 679
003491 679
003492 679
003493 679
003494 679
003495 679
003496 679
003497 679
003498 679
003499 679
003500 687
003501 687
003502 687
003503 687
003504 687
003505 687
003506 687
003507 687
003508 687
003509 687
003510 687
003511 687
003512 687
003513 687
003514 687
003515 687
003516 687
003517 687
003518 687
003519 687
003520 687
003521 687
003522 687
003523 687
003524 687
003525 687
003526 687
003527 687
003528 687
003529 687
003530 687
003531 687
003532 687
003533 687
003534 687
003535 687
003536 687
003537 687
003538 687
003539 687
003540 687
003541 687
003542 687
003543 687
003544 687
003545 687
003546 687
003547 687
003548 687
003549 687
003550 730
003551 730
003552 730
003553 730
003554 730
003555 730
003556 730
003557 730
003558 730
003559 730
003560 730
003561 730
003562 730
003563 730
003564 730
003565 730
003566 730
003567 730
003568 730
003569 730
003570 730
003571 730
003572 730
003573 730
003574 730
003575 730
003576 730
003577 730
003578 730
003579 730
003580 730
003581 730
003582 730
003583 730
003584 730
003585 730
003586 730
003587 730
003588 730
003589 730
003590 730
003591 730
003592 730
003593 730
003594 730
003595 730
003596 730
003597 730
003598 730
003599 730
003600 743
003601 743
003602 743
003603 743
003604 743
003605 743
003606 743
003607 743
003608 743
003609 743
003610 743
003611 743
003612 743
003613 743
003614 743
003615 743
003616 743
003617 743
003618 743
003619 743
003620 743
003621 743
003622 743
003623 743
003624 743
003625 743
003626 743
003627 743
003628 743
003629 743
003630 743
003631 743
003632 743
003633 743
003634 743
003635 743
003636 743
003637 743
003638 743
003639 743
003640 743
003641 743
003642 743
003643 743
003644 743
003645 743
003646 743
003647 743
003648 743
003649 743
003650 746
003651 746
003652 746
003653 746
003654 746
003655 746
003656 746
003657 746
003658 746
003659 746
003660 746
003661 746
003662 746
003663 746
003664 746
003665 746
003666 746
003667 746
003668 746
003669 746
003670 746
003671 746
003672 746
003673 746
003674 746
003675 746
003676 746
003677 746
003678 746
003679 746
003680 746
003681 746
003682 746
003683 746
003684 746
003685 746
003686 746
003687 746
003688 746
003689 746
003690 746
003691 746
003692 746
003693 746
003694 746
003695 746
003696 746
003697 746
003698 746
003699 746
003700 755
003701 755
003702 755
003703 755
003704 755
003705 755
003706 755
003707 755
003708 755
003709 755
003710 755
003711 755
003712 755
003713 755
003714 755
003715 755
003716 755
003717 755
003718 755
003719 755
003720 755
003721 755
003722 755
003723 755
003724 755
003725 755
003726 755
003727 755
003728 755
003729 755
003730 755
003731 755
003732 755
003733 755
003734 755
003735 755
003736 755
003737 755
003738 755
003739 755
003740 755
003741 755
003742 755
003743 755
003744 755
003745 755
003746 755
003747 755
003748 755
003749 755
003750 756
003751 756
003752 756
003753 756
003754 756
003755 756
003756 756
003757 756
003758 756
003759 756
003760 756
003761 756
003762 756
003763 756
003764 756
003765 756
003766 756
003767 756
003768 756
003769 756
003770 756
003771 756
003772 756
003773 756
003774 756
003775 756
003776 756
003777 756
003778 756
003779 756
003780 756
003781 756
003782 756
003783 756
003784 756
003785 756
003786 756
003787 756
003788 756
003789 756
003790 756
003791 756
003792 756
003793 756
003794 756
003795 756
003796 756
003797 756
003798 756
003799 756
003800 806
003801 806
003802 806
003803 806
003804 806
003805 806
003806 806
003807 806
003808 806
003809 806
003810 806
003811 806
003812 806
003813 806
003814 806
003815 806
003816 806
003817 806
003818 806
003819 806
003820 806
003821 806
003822 806
003823 806
003824 806
003825 806
003826 806
003827 806
003828 806
003829 806
003830 806
003831 806
003832 806
003833 806
003834 806
003835 806
003836 806
003837 806
003838 806
003839 806
003840 806
003841 806
003842 806
003843 806
003844 806
003845 806
003846 806
003847 806
003848 806
003849 806
003850 810
003851 810
003852 810
003853 810
003854 810
003855 810
003856 810
003857 810
003858 810
003859 810
003860 810
003861 810
003862 810
003863 810
003864 810
003865 810
003866 810
003867 810
003868 810
003869 810
003870 810
003871 810
003872 810
003873 810
003874 810
003875 810
003876 810
003877 810
003878 810
003879 810
003880 810
003881 810
003882 810
003883 810
003884 810
003885 810
003886 810
003887 810
003888 810
003889 810
003890 810
003891 810
003892 810
003893 810
003894 810
003895 810
003896 810
003897 810
003898 810
003899 810
003900 819
003901 819
003902 819
003903 819
003904 819
003905 819
003906 819
003907 819
003908 819
003909 819
003910 819
003911 819
003912 819
003913 819
003914 819
003915 819
003916 819
003917 819
003918 819
003919 819
003920 819
003921 819
003922 819
003923 819
003924 819
003925 819
003926 819
003927 819
003928 819
003929 819
003930 819
003931 819
003932 819
003933 819
003934 819
003935 819
003936 819
003937 819
003938 819
003939 819
003940 819
003941 819
003942 819
003943 819
003944 819
003945 819
003946 819
003947 819
003948 819
003949 819
003950 836
003951 836
003952 836
003953 836
003954 836
003955 836
003956 836
003957 836
003958 836
003959 836
003960 836
003961 836
003962 836
003963 836
003964 836
003965 836
003966 836
003967 836
003968 836
003969 836
003970 836
003971 836
003972 836
003973 836
003974 836
003975 836
003976 836
003977 836
003978 836
003979 836
003980 836
003981 836
003982 836
003983 836
003984 836
003985 836
003986 836
003987 836
003988 836
003989 836
003990 836
003991 836
003992 836
003993 836
003994 836
003995 836
003996 836
003997 836
003998 836
003999 836
004000 903
004001 903
004002 903
004003 903
004004 903
004005 903
004006 903
004007 903
004008 903
004009 903
004010 903
004011 903
004012 903
004013 903
004014 903
004015 903
004016 903
004017 903
004018 903
004019 903
004020 903
004021 903
004022 903
004023 903
004024 903
004025 903
004026 903
004027 903
004028 903
004029 903
004030 903
004031 903
004032 903
004033 903
004034 903
004035 903
004036 903
004037 903
004038 903
004039 903
004040 903
004041 903
004042 903
004043 903
004044 903
004045 903
004046 903
004047 903
004048 903
004049 903
004050 917
004051 917
004052 917
004053 917
004054 917
004055 917
004056 917
004057 917
004058 917
004059 917
004060 917
004061 917
004062 917
004063 917
004064 917
004065 917
004066 917
004067 917
004068 917
004069 917
004070 917
004071 917
004072 917
004073 917
004074 917
004075 917
004076 917
004077 917
004078 917
004079 917
004080 917
004081 917
004082 917
004083 917
004084 917
004085 917
004086 917
004087 917
004088 917
004089 917
004090 917
004091 917
004092 917
004093 917
004094 917
004095 917
004096 917
004097 917
004098 917
004099 917
004100 919
004101 919
004102 919
004103 919
004104 919
004105 919
004106 919
004107 919
004108 919
004109 919
004110 919
004111 919
004112 919
004113 919
004114 919
004115 919
004116 919
004117 919
004118 919
004119 919
004120 919
004121 919
004122 919
004123 919
004124 919
004125 919
004126 919
004127 919
004128 919
004129 919
004130 919
004131 919
004132 919
004133 919
004134 919
004135 919
004136 919
004137 919
004138 919
004139 919
004140 919
004141 919
004142 919
004143 919
004144 919
004145 919
004146 919
004147 919
004148 919
004149 919
004150 920
004151 920
004152 920
004153 920
004154 920
004155 920
004156 920
004157 920
004158 920
004159 920
004160 920
004161 920
004162 920
004163 920
004164 920
004165 920
004166 920
004167 920
004168 920
004169 920
004170 920
004171 920
004172 920
004173 920
004174 920
004175 920
004176 920
004177 920
004178 920
004179 920
004180 920
004181 920
004182 920
004183 920
004184 920
004185 920
004186 920
004187 920
004188 920
004189 920
004190 920
004191 920
004192 920
004193 920
004194 920
004195 920
004196 920
004197 920
004198 920
004199 920
004200 922
004201 922
004202 922
004203 922
004204 922
004205 922
004206 922
004207 922
004208 922
004209 922
004210 922
004211 922
004212 922
004213 922
004214 922
004215 922
004216 922
004217 922
004218 922
004219 922
004220 922
004221 922
004222 922
004223 922
004224 922
004225 922
004226 922
004227 922
004228 922
004229 922
004230 922
004231 922
004232 922
004233 922
004234 922
004235 922
004236 922
004237 922
004238 922
004239 922
004240 922
004241 922
004242 922
004243 922
004244 922
004245 922
004246 922
004247 922
004248 922
004249 922
004250 928
004251 928
004252 928
004253 928
004254 928
004255 928
004256 928
004257 928
004258 928
004259 928
004260 928
004261 928
004262 928
004263 928
004264 928
004265 928
004266 928
004267 928
004268 928
004269 928
004270 928
004271 928
004272 928
004273 928
004274 928
004275 928
004276 928
004277 928
004278 928
004279 928
004280 928
004281 928
004282 928
004283 928
004284 928
004285 928
004286 928
004287 928
004288 928
004289 928
004290 928
004291 928
004292 928
004293 928
004294 928
004295 928
004296 928
004297 928
004298 928
004299 928
004300 931
004301 931
004302 931
004303 931
004304 931
004305 931
004306 931
004307 931
004308 931
004309 931
004310 931
004311 931
004312 931
004313 931
004314 931
004315 931
004316 931
004317 931
004318 931
004319 931
004320 931
004321 931
004322 931
004323 931
004324 931
004325 931
004326 931
004327 931
004328 931
004329 931
004330 931
004331 931
004332 931
004333 931
004334 931
004335 931
004336 931
004337 931
004338 931
004339 931
004340 931
004341 931
004342 931
004343 931
004344 931
004345 931
004346 931
004347 931
004348 931
004349 931
004350 943
004351 943
004352 943
004353 943
004354 943
004355 943
004356 943
004357 943
004358 943
004359 943
004360 943
004361 943
004362 943
004363 943
004364 943
004365 943
004366 943
004367 943
004368 943
004369 943
004370 943
004371 943
004372 943
004373 943
004374 943
004375 943
004376 943
004377 943
004378 943
004379 943
004380 943
004381 943
004382 943
004383 943
004384 943
004385 943
004386 943
004387 943
004388 943
004389 943
004390 943
004391 943
004392 943
004393 943
004394 943
004395 943
004396 943
004397 943
004398 943
004399 943
004400 952
004401 952
004402 952
004403 952
004404 952
004405 952
004406 952
004407 952
004408 952
004409 952
004410 952
004411 952
004412 952
004413 952
004414 952
004415 952
004416 952
004417 952
004418 952
004419 952
004420 952
004421 952
004422 952
004423 952
004424 952
004425 952
004426 952
004427 952
004428 952
004429 952
004430 952
004431 952
004432 952
004433 952
004434 952
004435 952
004436 952
004437 952
004438 952
004439 952
004440 952
004441 952
004442 952
004443 952
004444 952
004445 952
004446 952
004447 952
004448 952
004449 952
004450 960
004451 960
004452 960
004453 960
004454 960
004455 960
004456 960
004457 960
004458 960
004459 960
004460 960
004461 960
004462 960
004463 960
004464 960
004465 960
004466 960
004467 960
004468 960
004469 960
004470 960
004471 960
004472 960
004473 960
004474 960
004475 960
004476 960
004477 960
004478 960
004479 960
004480 960
004481 960
004482 960
004483 960
004484 960
004485 960
004486 960
004487 960
004488 960
004489 960
004490 960
004491 960
004492 960
004493 960
004494 960
004495 960
004496 960
004497 960
004498 960
004499 960
004500 962
004501 962
004502 962
004503 962
004504 962
004505 962
004506 962
004507 962
004508 962
004509 962
004510 962
004511 962
004512 962
004513 962
004514 962
004515 962
004516 962
004517 962
004518 962
004519 962
004520 962
004521 962
004522 962
004523 962
004524 962
004525 962
004526 962
004527 962
004528 962
004529 962
004530 962
004531 962
004532 962
004533 962
004534 962
004535 962
004536 962
004537 962
004538 962
004539 962
004540 962
004541 962
004542 962
004543 962
004544 962
004545 962
004546 962
004547 962
004548 962
004549 962
004550 968
004551 968
004552 968
004553 968
004554 968
004555 968
004556 968
004557 968
004558 968
004559 968
004560 968
004561 968
004562 968
004563 968
004564 968
004565 968
004566 968
004567 968
004568 968
004569 968
004570 968
004571 968
004572 968
004573 968
004574 968
004575 968
004576 968
004577 968
004578 968
004579 968
004580 968
004581 968
004582 968
004583 968
004584 968
004585 968
004586 968
004587 968
004588 968
004589 968
004590 968
004591 968
004592 968
004593 968
004594 968
004595 968
004596 968
004597 968
004598 968
004599 968
004600 971
004601 971
004602 971
004603 971
004604 971
004605 971
004606 971
004607 971
004608 971
004609 971
004610 971
004611 971
004612 971
004613 971
004614 971
004615 971
004616 971
004617 971
004618 971
004619 971
004620 971
004621 971
004622 971
004623 971
004624 971
004625 971
004626 971
004627 971
004628 971
004629 971
004630 971
004631 971
004632 971
004633 971
004634 971
004635 971
004636 971
004637 971
004638 971
004639 971
004640 971
004641 971
004642 971
004643 971
004644 971
004645 971
004646 971
004647 971
004648 971
004649 971
004650 972
004651 972
004652 972
004653 972
004654 972
004655 972
004656 972
004657 972
004658 972
004659 972
004660 972
004661 972
004662 972
004663 972
004664 972
004665 972
004666 972
004667 972
004668 972
004669 972
004670 972
004671 972
004672 972
004673 972
004674 972
004675 972
004676 972
004677 972
004678 972
004679 972
004680 972
004681 972
004682 972
004683 972
004684 972
004685 972
004686 972
004687 972
004688 972
004689 972
004690 972
004691 972
004692 972
004693 972
004694 972
004695 972
004696 972
004697 972
004698 972
004699 972
004700 981
004701 981
004702 981
004703 981
004704 981
004705 981
004706 981
004707 981
004708 981
004709 981
004710 981
004711 981
004712 981
004713 981
004714 981
004715 981
004716 981
004717 981
004718 981
004719 981
004720 981
004721 981
004722 981
004723 981
004724 981
004725 981
004726 981
004727 981
004728 981
004729 981
004730 981
004731 981
004732 981
004733 981
004734 981
004735 981
004736 981
004737 981
004738 981
004739 981
004740 981
004741 981
004742 981
004743 981
004744 981
004745 981
004746 981
004747 981
004748 981
004749 981
004750 982
004751 982
004752 982
004753 982
004754 982
004755 982
004756 982
004757 982
004758 982
004759 982
004760 982
004761 982
004762 982
004763 982
004764 982
004765 982
004766 982
004767 982
004768 982
004769 982
004770 982
004771 982
004772 982
004773 982
004774 982
004775 982
004776 982
004777 982
004778 982
004779 982
004780 982
004781 982
004782 982
004783 982
004784 982
004785 982
004786 982
004787 982
004788 982
004789 982
004790 982
004791 982
004792 982
004793 982
004794 982
004795 982
004796 982
004797 982
004798 982
004799 982
004800 983
004801 983
004802 983
004803 983
004804 983
004805 983
004806 983
004807 983
004808 983
004809 983
004810 983
004811 983
004812 983
004813 983
004814 983
004815 983
004816 983
004817 983
004818 983
004819 983
004820 983
004821 983
004822 983
004823 983
004824 983
004825 983
004826 983
004827 983
004828 983
004829 983
004830 983
004831 983
004832 983
004833 983
004834 983
004835 983
004836 983
004837 983
004838 983
004839 983
004840 983
004841 983
004842 983
004843 983
004844 983
004845 983
004846 983
004847 983
004848 983
004849 983
004850 985
004851 985
004852 985
004853 985
004854 985
004855 985
004856 985
004857 985
004858 985
004859 985
004860 985
004861 985
004862 985
004863 985
004864 985
004865 985
004866 985
004867 985
004868 985
004869 985
004870 985
004871 985
004872 985
004873 985
004874 985
004875 985
004876 985
004877 985
004878 985
004879 985
004880 985
004881 985
004882 985
004883 985
004884 985
004885 985
004886 985
004887 985
004888 985
004889 985
004890 985
004891 985
004892 985
004893 985
004894 985
004895 985
004896 985
004897 985
004898 985
004899 985
004900 991
004901 991
004902 991
004903 991
004904 991
004905 991
004906 991
004907 991
004908 991
004909 991
004910 991
004911 991
004912 991
004913 991
004914 991
004915 991
004916 991
004917 991
004918 991
004919 991
004920 991
004921 991
004922 991
004923 991
004924 991
004925 991
004926 991
004927 991
004928 991
004929 991
004930 991
004931 991
004932 991
004933 991
004934 991
004935 991
004936 991
004937 991
004938 991
004939 991
004940 991
004941 991
004942 991
004943 991
004944 991
004945 991
004946 991
004947 991
004948 991
004949 991
004950 999
004951 999
004952 999
004953 999
004954 999
004955 999
004956 999
004957 999
004958 999
004959 999
004960 999
004961 999
004962 999
004963 999
004964 999
004965 999
004966 999
004967 999
004968 999
004969 999
004970 999
004971 999
004972 999
004973 999
004974 999
004975 999
004976 999
004977 999
004978 999
004979 999
004980 999
004981 999
004982 999
004983 999
004984 999
004985 999
004986 999
004987 999
004988 999
004989 999
004990 999
004991 999
004992 999
004993 999
004994 999
004995 999
004996 999
004997 999
004998 999
004999 999
