config: /mnt/afs/zhengmingkai/zyr/RAE-v2-Yiran/configs/stage2/sampling/imagenet-dinov3l-k7.yaml
seed: 42
num_steps: 100
ig_scale: 1.78
cfg_scale: 1.0
latent_size: (1024, 16, 16)
precision: bf16
use_ema: True
num_image_per_class: 50
class_ids: [4, 7, 10, 25, 35, 39, 49, 51, 52, 64, 80, 97, 106, 116, 118, 129, 144, 147, 150, 156, 159, 281, 300, 322, 330, 333, 339, 347, 356, 365, 370, 389, 392, 394, 396, 400, 405, 406, 413, 415, 419, 421, 426, 429, 432, 443, 446, 453, 461, 477, 479, 481, 488, 499, 529, 535, 554, 567, 575, 585, 590, 605, 606, 626, 632, 633, 634, 645, 654, 679, 687, 730, 743, 746, 755, 756, 806, 810, 819, 836, 903, 917, 919, 920, 922, 928, 931, 943, 952, 960, 962, 968, 971, 972, 981, 982, 983, 985, 991, 999]
