000000 10
000001 10
000002 10
000003 10
000004 10
000005 10
000006 106
000007 106
000008 106
000009 106
000010 106
000011 106
000012 116
000013 116
000014 116
000015 116
000016 116
000017 116
000018 118
000019 118
000020 118
000021 118
000022 118
000023 118
000024 129
000025 129
000026 129
000027 129
000028 129
000029 129
000030 144
000031 144
000032 144
000033 144
000034 144
000035 144
000036 147
000037 147
000038 147
000039 147
000040 147
000041 147
000042 150
000043 150
000044 150
000045 150
000046 150
000047 150
000048 156
000049 156
000050 156
000051 156
000052 156
000053 156
000054 159
000055 159
000056 159
000057 159
000058 159
000059 159
000060 25
000061 25
000062 25
000063 25
000064 25
000065 25
000066 281
000067 281
000068 281
000069 281
000070 281
000071 281
000072 300
000073 300
000074 300
000075 300
000076 300
000077 300
000078 322
000079 322
000080 322
000081 322
000082 322
000083 322
000084 330
000085 330
000086 330
000087 330
000088 330
000089 330
000090 333
000091 333
000092 333
000093 333
000094 333
000095 333
000096 339
000097 339
000098 339
000099 339
000100 339
000101 339
000102 347
000103 347
000104 347
000105 347
000106 347
000107 347
000108 35
000109 35
000110 35
000111 35
000112 35
000113 35
000114 356
000115 356
000116 356
000117 356
000118 356
000119 356
000120 365
000121 365
000122 365
000123 365
000124 365
000125 365
000126 370
000127 370
000128 370
000129 370
000130 370
000131 370
000132 389
000133 389
000134 389
000135 389
000136 389
000137 389
000138 39
000139 39
000140 39
000141 39
000142 39
000143 39
000144 392
000145 392
000146 392
000147 392
000148 392
000149 392
000150 394
000151 394
000152 394
000153 394
000154 394
000155 394
000156 396
000157 396
000158 396
000159 396
000160 396
000161 396
000162 4
000163 4
000164 4
000165 4
000166 4
000167 4
000168 400
000169 400
000170 400
000171 400
000172 400
000173 400
000174 405
000175 405
000176 405
000177 405
000178 405
000179 405
000180 406
000181 406
000182 406
000183 406
000184 406
000185 406
000186 413
000187 413
000188 413
000189 413
000190 413
000191 413
000192 415
000193 415
000194 415
000195 415
000196 415
000197 415
000198 419
000199 419
000200 419
000201 419
000202 419
000203 419
000204 421
000205 421
000206 421
000207 421
000208 421
000209 421
000210 426
000211 426
000212 426
000213 426
000214 426
000215 426
000216 429
000217 429
000218 429
000219 429
000220 429
000221 429
000222 432
000223 432
000224 432
000225 432
000226 432
000227 432
000228 443
000229 443
000230 443
000231 443
000232 443
000233 443
000234 446
000235 446
000236 446
000237 446
000238 446
000239 446
000240 453
000241 453
000242 453
000243 453
000244 453
000245 453
000246 461
000247 461
000248 461
000249 461
000250 461
000251 461
000252 477
000253 477
000254 477
000255 477
000256 477
000257 477
000258 479
000259 479
000260 479
000261 479
000262 479
000263 479
000264 481
000265 481
000266 481
000267 481
000268 481
000269 481
000270 488
000271 488
000272 488
000273 488
000274 488
000275 488
000276 49
000277 49
000278 49
000279 49
000280 49
000281 49
000282 499
000283 499
000284 499
000285 499
000286 499
000287 499
000288 51
000289 51
000290 51
000291 51
000292 51
000293 51
000294 52
000295 52
000296 52
000297 52
000298 52
000299 52
000300 529
000301 529
000302 529
000303 529
000304 529
000305 529
000306 535
000307 535
000308 535
000309 535
000310 535
000311 535
000312 554
000313 554
000314 554
000315 554
000316 554
000317 554
000318 567
000319 567
000320 567
000321 567
000322 567
000323 567
000324 575
000325 575
000326 575
000327 575
000328 575
000329 575
000330 585
000331 585
000332 585
000333 585
000334 585
000335 585
000336 590
000337 590
000338 590
000339 590
000340 590
000341 590
000342 605
000343 605
000344 605
000345 605
000346 605
000347 605
000348 606
000349 606
000350 606
000351 606
000352 606
000353 606
000354 626
000355 626
000356 626
000357 626
000358 626
000359 626
000360 632
000361 632
000362 632
000363 632
000364 632
000365 632
000366 633
000367 633
000368 633
000369 633
000370 633
000371 633
000372 634
000373 634
000374 634
000375 634
000376 634
000377 634
000378 64
000379 64
000380 64
000381 64
000382 64
000383 64
000384 645
000385 645
000386 645
000387 645
000388 645
000389 645
000390 654
000391 654
000392 654
000393 654
000394 654
000395 654
000396 679
000397 679
000398 679
000399 679
000400 679
000401 679
000402 687
000403 687
000404 687
000405 687
000406 687
000407 687
000408 7
000409 7
000410 7
000411 7
000412 7
000413 7
000414 730
000415 730
000416 730
000417 730
000418 730
000419 730
000420 743
000421 743
000422 743
000423 743
000424 743
000425 743
000426 746
000427 746
000428 746
000429 746
000430 746
000431 746
000432 755
000433 755
000434 755
000435 755
000436 755
000437 755
000438 756
000439 756
000440 756
000441 756
000442 756
000443 756
000444 80
000445 80
000446 80
000447 80
000448 80
000449 80
000450 806
000451 806
000452 806
000453 806
000454 806
000455 806
000456 810
000457 810
000458 810
000459 810
000460 810
000461 810
000462 819
000463 819
000464 819
000465 819
000466 819
000467 819
000468 836
000469 836
000470 836
000471 836
000472 836
000473 836
000474 903
000475 903
000476 903
000477 903
000478 903
000479 903
000480 917
000481 917
000482 917
000483 917
000484 917
000485 917
000486 919
000487 919
000488 919
000489 919
000490 919
000491 919
000492 920
000493 920
000494 920
000495 920
000496 920
000497 920
000498 922
000499 922
000500 922
000501 922
000502 922
000503 922
000504 928
000505 928
000506 928
000507 928
000508 928
000509 928
000510 931
000511 931
000512 931
000513 931
000514 931
000515 931
000516 943
000517 943
000518 943
000519 943
000520 943
000521 943
000522 952
000523 952
000524 952
000525 952
000526 952
000527 952
000528 960
000529 960
000530 960
000531 960
000532 960
000533 960
000534 962
000535 962
000536 962
000537 962
000538 962
000539 962
000540 968
000541 968
000542 968
000543 968
000544 968
000545 968
000546 97
000547 97
000548 97
000549 97
000550 97
000551 97
000552 971
000553 971
000554 971
000555 971
000556 971
000557 971
000558 972
000559 972
000560 972
000561 972
000562 972
000563 972
000564 981
000565 981
000566 981
000567 981
000568 981
000569 981
000570 982
000571 982
000572 982
000573 982
000574 982
000575 982
000576 983
000577 983
000578 983
000579 983
000580 983
000581 983
000582 985
000583 985
000584 985
000585 985
000586 985
000587 985
000588 991
000589 991
000590 991
000591 991
000592 991
000593 991
000594 999
000595 999
000596 999
000597 999
000598 999
000599 999
