000000 10
000001 10
000002 106
000003 106
000004 116
000005 116
000006 118
000007 118
000008 129
000009 129
000010 144
000011 144
000012 147
000013 147
000014 150
000015 150
000016 156
000017 156
000018 159
000019 159
000020 25
000021 25
000022 281
000023 281
000024 300
000025 300
000026 322
000027 322
000028 330
000029 330
000030 333
000031 333
000032 339
000033 339
000034 347
000035 347
000036 35
000037 35
000038 356
000039 356
000040 365
000041 365
000042 370
000043 370
000044 389
000045 389
000046 39
000047 39
000048 392
000049 392
000050 394
000051 394
000052 396
000053 396
000054 4
000055 4
000056 400
000057 400
000058 405
000059 405
000060 406
000061 406
000062 413
000063 413
000064 415
000065 415
000066 419
000067 419
000068 421
000069 421
000070 426
000071 426
000072 429
000073 429
000074 432
000075 432
000076 443
000077 443
000078 446
000079 446
000080 453
000081 453
000082 461
000083 461
000084 477
000085 477
000086 479
000087 479
000088 481
000089 481
000090 488
000091 488
000092 49
000093 49
000094 499
000095 499
000096 51
000097 51
000098 52
000099 52
000100 529
000101 529
000102 535
000103 535
000104 554
000105 554
000106 567
000107 567
000108 575
000109 575
000110 585
000111 585
000112 590
000113 590
000114 605
000115 605
000116 606
000117 606
000118 626
000119 626
000120 632
000121 632
000122 633
000123 633
000124 634
000125 634
000126 64
000127 64
000128 645
000129 645
000130 654
000131 654
000132 679
000133 679
000134 687
000135 687
000136 7
000137 7
000138 730
000139 730
000140 743
000141 743
000142 746
000143 746
000144 755
000145 755
000146 756
000147 756
000148 80
000149 80
000150 806
000151 806
000152 810
000153 810
000154 819
000155 819
000156 836
000157 836
000158 903
000159 903
000160 917
000161 917
000162 919
000163 919
000164 920
000165 920
000166 922
000167 922
000168 928
000169 928
000170 931
000171 931
000172 943
000173 943
000174 952
000175 952
000176 960
000177 960
000178 962
000179 962
000180 968
000181 968
000182 97
000183 97
000184 971
000185 971
000186 972
000187 972
000188 981
000189 981
000190 982
000191 982
000192 983
000193 983
000194 985
000195 985
000196 991
000197 991
000198 999
000199 999
