000000 10
000001 10
000002 10
000003 10
000004 106
000005 106
000006 106
000007 106
000008 116
000009 116
000010 116
000011 116
000012 118
000013 118
000014 118
000015 118
000016 129
000017 129
000018 129
000019 129
000020 144
000021 144
000022 144
000023 144
000024 147
000025 147
000026 147
000027 147
000028 150
000029 150
000030 150
000031 150
000032 156
000033 156
000034 156
000035 156
000036 159
000037 159
000038 159
000039 159
000040 25
000041 25
000042 25
000043 25
000044 281
000045 281
000046 281
000047 281
000048 300
000049 300
000050 300
000051 300
000052 322
000053 322
000054 322
000055 322
000056 330
000057 330
000058 330
000059 330
000060 333
000061 333
000062 333
000063 333
000064 339
000065 339
000066 339
000067 339
000068 347
000069 347
000070 347
000071 347
000072 35
000073 35
000074 35
000075 35
000076 356
000077 356
000078 356
000079 356
000080 365
000081 365
000082 365
000083 365
000084 370
000085 370
000086 370
000087 370
000088 389
000089 389
000090 389
000091 389
000092 39
000093 39
000094 39
000095 39
000096 392
000097 392
000098 392
000099 392
000100 394
000101 394
000102 394
000103 394
000104 396
000105 396
000106 396
000107 396
000108 4
000109 4
000110 4
000111 4
000112 400
000113 400
000114 400
000115 400
000116 405
000117 405
000118 405
000119 405
000120 406
000121 406
000122 406
000123 406
000124 413
000125 413
000126 413
000127 413
000128 415
000129 415
000130 415
000131 415
000132 419
000133 419
000134 419
000135 419
000136 421
000137 421
000138 421
000139 421
000140 426
000141 426
000142 426
000143 426
000144 429
000145 429
000146 429
000147 429
000148 432
000149 432
000150 432
000151 432
000152 443
000153 443
000154 443
000155 443
000156 446
000157 446
000158 446
000159 446
000160 453
000161 453
000162 453
000163 453
000164 461
000165 461
000166 461
000167 461
000168 477
000169 477
000170 477
000171 477
000172 479
000173 479
000174 479
000175 479
000176 481
000177 481
000178 481
000179 481
000180 488
000181 488
000182 488
000183 488
000184 49
000185 49
000186 49
000187 49
000188 499
000189 499
000190 499
000191 499
000192 51
000193 51
000194 51
000195 51
000196 52
000197 52
000198 52
000199 52
000200 529
000201 529
000202 529
000203 529
000204 535
000205 535
000206 535
000207 535
000208 554
000209 554
000210 554
000211 554
000212 567
000213 567
000214 567
000215 567
000216 575
000217 575
000218 575
000219 575
000220 585
000221 585
000222 585
000223 585
000224 590
000225 590
000226 590
000227 590
000228 605
000229 605
000230 605
000231 605
000232 606
000233 606
000234 606
000235 606
000236 626
000237 626
000238 626
000239 626
000240 632
000241 632
000242 632
000243 632
000244 633
000245 633
000246 633
000247 633
000248 634
000249 634
000250 634
000251 634
000252 64
000253 64
000254 64
000255 64
000256 645
000257 645
000258 645
000259 645
000260 654
000261 654
000262 654
000263 654
000264 679
000265 679
000266 679
000267 679
000268 687
000269 687
000270 687
000271 687
000272 7
000273 7
000274 7
000275 7
000276 730
000277 730
000278 730
000279 730
000280 743
000281 743
000282 743
000283 743
000284 746
000285 746
000286 746
000287 746
000288 755
000289 755
000290 755
000291 755
000292 756
000293 756
000294 756
000295 756
000296 80
000297 80
000298 80
000299 80
000300 806
000301 806
000302 806
000303 806
000304 810
000305 810
000306 810
000307 810
000308 819
000309 819
000310 819
000311 819
000312 836
000313 836
000314 836
000315 836
000316 903
000317 903
000318 903
000319 903
000320 917
000321 917
000322 917
000323 917
000324 919
000325 919
000326 919
000327 919
000328 920
000329 920
000330 920
000331 920
000332 922
000333 922
000334 922
000335 922
000336 928
000337 928
000338 928
000339 928
000340 931
000341 931
000342 931
000343 931
000344 943
000345 943
000346 943
000347 943
000348 952
000349 952
000350 952
000351 952
000352 960
000353 960
000354 960
000355 960
000356 962
000357 962
000358 962
000359 962
000360 968
000361 968
000362 968
000363 968
000364 97
000365 97
000366 97
000367 97
000368 971
000369 971
000370 971
000371 971
000372 972
000373 972
000374 972
000375 972
000376 981
000377 981
000378 981
000379 981
000380 982
000381 982
000382 982
000383 982
000384 983
000385 983
000386 983
000387 983
000388 985
000389 985
000390 985
000391 985
000392 991
000393 991
000394 991
000395 991
000396 999
000397 999
000398 999
000399 999
