000000 10
000001 106
000002 116
000003 118
000004 129
000005 144
000006 147
000007 150
000008 156
000009 159
000010 25
000011 281
000012 300
000013 322
000014 330
000015 333
000016 339
000017 347
000018 35
000019 356
000020 365
000021 370
000022 389
000023 39
000024 392
000025 394
000026 396
000027 4
000028 400
000029 405
000030 406
000031 413
000032 415
000033 419
000034 421
000035 426
000036 429
000037 432
000038 443
000039 446
000040 453
000041 461
000042 477
000043 479
000044 481
000045 488
000046 49
000047 499
000048 51
000049 52
000050 529
000051 535
000052 554
000053 567
000054 575
000055 585
000056 590
000057 605
000058 606
000059 626
000060 632
000061 633
000062 634
000063 64
000064 645
000065 654
000066 679
000067 687
000068 7
000069 730
000070 743
000071 746
000072 755
000073 756
000074 80
000075 806
000076 810
000077 819
000078 836
000079 903
000080 917
000081 919
000082 920
000083 922
000084 928
000085 931
000086 943
000087 952
000088 960
000089 962
000090 968
000091 97
000092 971
000093 972
000094 981
000095 982
000096 983
000097 985
000098 991
000099 999
