000000 10
000001 10
000002 10
000003 10
000004 10
000005 10
000006 10
000007 10
000008 106
000009 106
000010 106
000011 106
000012 106
000013 106
000014 106
000015 106
000016 116
000017 116
000018 116
000019 116
000020 116
000021 116
000022 116
000023 116
000024 118
000025 118
000026 118
000027 118
000028 118
000029 118
000030 118
000031 118
000032 129
000033 129
000034 129
000035 129
000036 129
000037 129
000038 129
000039 129
000040 144
000041 144
000042 144
000043 144
000044 144
000045 144
000046 144
000047 144
000048 147
000049 147
000050 147
000051 147
000052 147
000053 147
000054 147
000055 147
000056 150
000057 150
000058 150
000059 150
000060 150
000061 150
000062 150
000063 150
000064 156
000065 156
000066 156
000067 156
000068 156
000069 156
000070 156
000071 156
000072 159
000073 159
000074 159
000075 159
000076 159
000077 159
000078 159
000079 159
000080 25
000081 25
000082 25
000083 25
000084 25
000085 25
000086 25
000087 25
000088 281
000089 281
000090 281
000091 281
000092 281
000093 281
000094 281
000095 281
000096 300
000097 300
000098 300
000099 300
000100 300
000101 300
000102 300
000103 300
000104 322
000105 322
000106 322
000107 322
000108 322
000109 322
000110 322
000111 322
000112 330
000113 330
000114 330
000115 330
000116 330
000117 330
000118 330
000119 330
000120 333
000121 333
000122 333
000123 333
000124 333
000125 333
000126 333
000127 333
000128 339
000129 339
000130 339
000131 339
000132 339
000133 339
000134 339
000135 339
000136 347
000137 347
000138 347
000139 347
000140 347
000141 347
000142 347
000143 347
000144 35
000145 35
000146 35
000147 35
000148 35
000149 35
000150 35
000151 35
000152 356
000153 356
000154 356
000155 356
000156 356
000157 356
000158 356
000159 356
000160 365
000161 365
000162 365
000163 365
000164 365
000165 365
000166 365
000167 365
000168 370
000169 370
000170 370
000171 370
000172 370
000173 370
000174 370
000175 370
000176 389
000177 389
000178 389
000179 389
000180 389
000181 389
000182 389
000183 389
000184 39
000185 39
000186 39
000187 39
000188 39
000189 39
000190 39
000191 39
000192 392
000193 392
000194 392
000195 392
000196 392
000197 392
000198 392
000199 392
000200 394
000201 394
000202 394
000203 394
000204 394
000205 394
000206 394
000207 394
000208 396
000209 396
000210 396
000211 396
000212 396
000213 396
000214 396
000215 396
000216 4
000217 4
000218 4
000219 4
000220 4
000221 4
000222 4
000223 4
000224 400
000225 400
000226 400
000227 400
000228 400
000229 400
000230 400
000231 400
000232 405
000233 405
000234 405
000235 405
000236 405
000237 405
000238 405
000239 405
000240 406
000241 406
000242 406
000243 406
000244 406
000245 406
000246 406
000247 406
000248 413
000249 413
000250 413
000251 413
000252 413
000253 413
000254 413
000255 413
000256 415
000257 415
000258 415
000259 415
000260 415
000261 415
000262 415
000263 415
000264 419
000265 419
000266 419
000267 419
000268 419
000269 419
000270 419
000271 419
000272 421
000273 421
000274 421
000275 421
000276 421
000277 421
000278 421
000279 421
000280 426
000281 426
000282 426
000283 426
000284 426
000285 426
000286 426
000287 426
000288 429
000289 429
000290 429
000291 429
000292 429
000293 429
000294 429
000295 429
000296 432
000297 432
000298 432
000299 432
000300 432
000301 432
000302 432
000303 432
000304 443
000305 443
000306 443
000307 443
000308 443
000309 443
000310 443
000311 443
000312 446
000313 446
000314 446
000315 446
000316 446
000317 446
000318 446
000319 446
000320 453
000321 453
000322 453
000323 453
000324 453
000325 453
000326 453
000327 453
000328 461
000329 461
000330 461
000331 461
000332 461
000333 461
000334 461
000335 461
000336 477
000337 477
000338 477
000339 477
000340 477
000341 477
000342 477
000343 477
000344 479
000345 479
000346 479
000347 479
000348 479
000349 479
000350 479
000351 479
000352 481
000353 481
000354 481
000355 481
000356 481
000357 481
000358 481
000359 481
000360 488
000361 488
000362 488
000363 488
000364 488
000365 488
000366 488
000367 488
000368 49
000369 49
000370 49
000371 49
000372 49
000373 49
000374 49
000375 49
000376 499
000377 499
000378 499
000379 499
000380 499
000381 499
000382 499
000383 499
000384 51
000385 51
000386 51
000387 51
000388 51
000389 51
000390 51
000391 51
000392 52
000393 52
000394 52
000395 52
000396 52
000397 52
000398 52
000399 52
000400 529
000401 529
000402 529
000403 529
000404 529
000405 529
000406 529
000407 529
000408 535
000409 535
000410 535
000411 535
000412 535
000413 535
000414 535
000415 535
000416 554
000417 554
000418 554
000419 554
000420 554
000421 554
000422 554
000423 554
000424 567
000425 567
000426 567
000427 567
000428 567
000429 567
000430 567
000431 567
000432 575
000433 575
000434 575
000435 575
000436 575
000437 575
000438 575
000439 575
000440 585
000441 585
000442 585
000443 585
000444 585
000445 585
000446 585
000447 585
000448 590
000449 590
000450 590
000451 590
000452 590
000453 590
000454 590
000455 590
000456 605
000457 605
000458 605
000459 605
000460 605
000461 605
000462 605
000463 605
000464 606
000465 606
000466 606
000467 606
000468 606
000469 606
000470 606
000471 606
000472 626
000473 626
000474 626
000475 626
000476 626
000477 626
000478 626
000479 626
000480 632
000481 632
000482 632
000483 632
000484 632
000485 632
000486 632
000487 632
000488 633
000489 633
000490 633
000491 633
000492 633
000493 633
000494 633
000495 633
000496 634
000497 634
000498 634
000499 634
000500 634
000501 634
000502 634
000503 634
000504 64
000505 64
000506 64
000507 64
000508 64
000509 64
000510 64
000511 64
000512 645
000513 645
000514 645
000515 645
000516 645
000517 645
000518 645
000519 645
000520 654
000521 654
000522 654
000523 654
000524 654
000525 654
000526 654
000527 654
000528 679
000529 679
000530 679
000531 679
000532 679
000533 679
000534 679
000535 679
000536 687
000537 687
000538 687
000539 687
000540 687
000541 687
000542 687
000543 687
000544 7
000545 7
000546 7
000547 7
000548 7
000549 7
000550 7
000551 7
000552 730
000553 730
000554 730
000555 730
000556 730
000557 730
000558 730
000559 730
000560 743
000561 743
000562 743
000563 743
000564 743
000565 743
000566 743
000567 743
000568 746
000569 746
000570 746
000571 746
000572 746
000573 746
000574 746
000575 746
000576 755
000577 755
000578 755
000579 755
000580 755
000581 755
000582 755
000583 755
000584 756
000585 756
000586 756
000587 756
000588 756
000589 756
000590 756
000591 756
000592 80
000593 80
000594 80
000595 80
000596 80
000597 80
000598 80
000599 80
000600 806
000601 806
000602 806
000603 806
000604 806
000605 806
000606 806
000607 806
000608 810
000609 810
000610 810
000611 810
000612 810
000613 810
000614 810
000615 810
000616 819
000617 819
000618 819
000619 819
000620 819
000621 819
000622 819
000623 819
000624 836
000625 836
000626 836
000627 836
000628 836
000629 836
000630 836
000631 836
000632 903
000633 903
000634 903
000635 903
000636 903
000637 903
000638 903
000639 903
000640 917
000641 917
000642 917
000643 917
000644 917
000645 917
000646 917
000647 917
000648 919
000649 919
000650 919
000651 919
000652 919
000653 919
000654 919
000655 919
000656 920
000657 920
000658 920
000659 920
000660 920
000661 920
000662 920
000663 920
000664 922
000665 922
000666 922
000667 922
000668 922
000669 922
000670 922
000671 922
000672 928
000673 928
000674 928
000675 928
000676 928
000677 928
000678 928
000679 928
000680 931
000681 931
000682 931
000683 931
000684 931
000685 931
000686 931
000687 931
000688 943
000689 943
000690 943
000691 943
000692 943
000693 943
000694 943
000695 943
000696 952
000697 952
000698 952
000699 952
000700 952
000701 952
000702 952
000703 952
000704 960
000705 960
000706 960
000707 960
000708 960
000709 960
000710 960
000711 960
000712 962
000713 962
000714 962
000715 962
000716 962
000717 962
000718 962
000719 962
000720 968
000721 968
000722 968
000723 968
000724 968
000725 968
000726 968
000727 968
000728 97
000729 97
000730 97
000731 97
000732 97
000733 97
000734 97
000735 97
000736 971
000737 971
000738 971
000739 971
000740 971
000741 971
000742 971
000743 971
000744 972
000745 972
000746 972
000747 972
000748 972
000749 972
000750 972
000751 972
000752 981
000753 981
000754 981
000755 981
000756 981
000757 981
000758 981
000759 981
000760 982
000761 982
000762 982
000763 982
000764 982
000765 982
000766 982
000767 982
000768 983
000769 983
000770 983
000771 983
000772 983
000773 983
000774 983
000775 983
000776 985
000777 985
000778 985
000779 985
000780 985
000781 985
000782 985
000783 985
000784 991
000785 991
000786 991
000787 991
000788 991
000789 991
000790 991
000791 991
000792 999
000793 999
000794 999
000795 999
000796 999
000797 999
000798 999
000799 999
