000000 4
000001 4
000004 4
000006 4
000009 4
000011 7
000012 7
000013 7
000014 7
000018 7
000020 10
000021 10
000026 10
000027 10
000029 10
000030 25
000033 25
000035 25
000036 25
000038 25
000043 35
000044 35
000046 35
000047 35
000048 35
000050 39
000052 39
000053 39
000054 39
000055 39
000061 49
000062 49
000064 49
000065 49
000067 49
000070 51
000071 51
000072 51
000076 51
000079 51
000080 52
000083 52
000084 52
000085 52
000089 52
000090 64
000091 64
000094 64
000096 64
000098 64
000100 80
000103 80
000104 80
000105 80
000108 80
000110 97
000111 97
000113 97
000114 97
000119 97
000121 106
000123 106
000124 106
000125 106
000126 106
000131 116
000132 116
000135 116
000138 116
000139 116
000141 118
000142 118
000144 118
000145 118
000149 118
000152 129
000153 129
000157 129
000158 129
000159 129
000160 144
000163 144
000165 144
000166 144
000168 144
000170 147
000172 147
000173 147
000175 147
000179 147
000181 150
000183 150
000185 150
000187 150
000189 150
000191 156
000192 156
000196 156
000197 156
000199 156
000202 159
000203 159
000204 159
000205 159
000207 159
000211 281
000215 281
000216 281
000218 281
000219 281
000220 300
000221 300
000226 300
000227 300
000228 300
000231 322
000232 322
000235 322
000236 322
000238 322
000241 330
000243 330
000244 330
000246 330
000249 330
000250 333
000254 333
000257 333
000258 333
000259 333
000261 339
000264 339
000265 339
000266 339
000268 339
000271 347
000273 347
000274 347
000275 347
000278 347
000280 356
000281 356
000284 356
000287 356
000289 356
000291 365
000294 365
000295 365
000296 365
000298 365
000301 370
000302 370
000303 370
000307 370
000308 370
000310 389
000312 389
000314 389
000318 389
000319 389
000320 392
000323 392
000326 392
000328 392
000329 392
000330 394
000333 394
000334 394
000338 394
000339 394
000341 396
000344 396
000346 396
000347 396
000349 396
000351 400
000352 400
000354 400
000357 400
000359 400
000361 405
000364 405
000366 405
000368 405
000369 405
000373 406
000374 406
000375 406
000376 406
000377 406
000380 413
000381 413
000385 413
000387 413
000388 413
000390 415
000391 415
000393 415
000394 415
000395 415
000400 419
000403 419
000406 419
000408 419
000409 419
000410 421
000411 421
000412 421
000413 421
000419 421
000421 426
000422 426
000423 426
000425 426
000428 426
000432 429
000433 429
000434 429
000435 429
000437 429
000443 432
000446 432
000447 432
000448 432
000449 432
000450 443
000451 443
000453 443
000455 443
000456 443
000463 446
000465 446
000466 446
000467 446
000469 446
000470 453
000471 453
000473 453
000475 453
000479 453
000481 461
000483 461
000485 461
000486 461
000488 461
000491 477
000492 477
000493 477
000497 477
000498 477
000500 479
000503 479
000504 479
000506 479
000507 479
000510 481
000511 481
000515 481
000517 481
000518 481
000520 488
000521 488
000526 488
000527 488
000528 488
000531 499
000532 499
000533 499
000536 499
000537 499
000540 529
000542 529
000543 529
000546 529
000548 529
000552 535
000553 535
000554 535
000556 535
000557 535
000561 554
000562 554
000567 554
000568 554
000569 554
000570 567
000572 567
000573 567
000575 567
000578 567
000580 575
000584 575
000586 575
000587 575
000589 575
000590 585
000591 585
000592 585
000596 585
000597 585
000600 590
000601 590
000603 590
000607 590
000609 590
000610 605
000613 605
000614 605
000617 605
000619 605
000621 606
000622 606
000625 606
000626 606
000628 606
000631 626
000633 626
000634 626
000635 626
000638 626
000640 632
000644 632
000645 632
000646 632
000647 632
000650 633
000651 633
000654 633
000657 633
000659 633
000661 634
000662 634
000663 634
000664 634
000668 634
000671 645
000672 645
000673 645
000675 645
000679 645
000684 654
000685 654
000687 654
000688 654
000689 654
000690 679
000694 679
000695 679
000698 679
000699 679
000700 687
000701 687
000702 687
000704 687
000705 687
000712 730
000714 730
000717 730
000718 730
000719 730
000723 743
000725 743
000726 743
000728 743
000729 743
000730 746
000732 746
000734 746
000737 746
000738 746
000740 755
000741 755
000744 755
000746 755
000748 755
000751 756
000752 756
000754 756
000755 756
000759 756
000760 806
000764 806
000766 806
000767 806
000768 806
000770 810
000771 810
000772 810
000774 810
000779 810
000781 819
000782 819
000783 819
000785 819
000788 819
000790 836
000794 836
000795 836
000796 836
000799 836
000800 903
000801 903
000803 903
000805 903
000808 903
000814 917
000815 917
000816 917
000818 917
000819 917
000821 919
000822 919
000823 919
000826 919
000829 919
000830 920
000832 920
000835 920
000836 920
000837 920
000841 922
000843 922
000844 922
000845 922
000846 922
000850 928
000851 928
000853 928
000856 928
000858 928
000862 931
000863 931
000866 931
000867 931
000869 931
000870 943
000871 943
000873 943
000875 943
000879 943
000880 952
000884 952
000885 952
000886 952
000889 952
000894 960
000895 960
000896 960
000898 960
000899 960
000900 962
000901 962
000902 962
000905 962
000907 962
000910 968
000914 968
000917 968
000918 968
000919 968
000923 971
000924 971
000925 971
000926 971
000928 971
000931 972
000934 972
000936 972
000938 972
000939 972
000940 981
000944 981
000946 981
000948 981
000949 981
000950 982
000953 982
000955 982
000958 982
000959 982
000961 983
000962 983
000965 983
000968 983
000969 983
000972 985
000973 985
000974 985
000976 985
000978 985
000981 991
000982 991
000983 991
000984 991
000988 991
000992 999
000993 999
000994 999
000996 999
000997 999
