000000 0
000001 0
000002 0
000003 0
000004 0
000005 1
000006 1
000007 1
000008 1
000009 1
000010 2
000011 2
000012 2
000013 2
000014 2
000015 3
000016 3
000017 3
000018 3
000019 3
000020 4
000021 4
000022 4
000023 4
000024 4
000025 5
000026 5
000027 5
000028 5
000029 5
000030 6
000031 6
000032 6
000033 6
000034 6
000035 7
000036 7
000037 7
000038 7
000039 7
000040 8
000041 8
000042 8
000043 8
000044 8
000045 9
000046 9
000047 9
000048 9
000049 9
000050 10
000051 10
000052 10
000053 10
000054 10
000055 11
000056 11
000057 11
000058 11
000059 11
000060 12
000061 12
000062 12
000063 12
000064 12
000065 13
000066 13
000067 13
000068 13
000069 13
000070 14
000071 14
000072 14
000073 14
000074 14
000075 15
000076 15
000077 15
000078 15
000079 15
000080 16
000081 16
000082 16
000083 16
000084 16
000085 17
000086 17
000087 17
000088 17
000089 17
000090 18
000091 18
000092 18
000093 18
000094 18
000095 19
000096 19
000097 19
000098 19
000099 19
000100 20
000101 20
000102 20
000103 20
000104 20
000105 21
000106 21
000107 21
000108 21
000109 21
000110 22
000111 22
000112 22
000113 22
000114 22
000115 23
000116 23
000117 23
000118 23
000119 23
000120 24
000121 24
000122 24
000123 24
000124 24
000125 25
000126 25
000127 25
000128 25
000129 25
000130 26
000131 26
000132 26
000133 26
000134 26
000135 27
000136 27
000137 27
000138 27
000139 27
000140 28
000141 28
000142 28
000143 28
000144 28
000145 29
000146 29
000147 29
000148 29
000149 29
000150 30
000151 30
000152 30
000153 30
000154 30
000155 31
000156 31
000157 31
000158 31
000159 31
000160 32
000161 32
000162 32
000163 32
000164 32
000165 33
000166 33
000167 33
000168 33
000169 33
000170 34
000171 34
000172 34
000173 34
000174 34
000175 35
000176 35
000177 35
000178 35
000179 35
000180 36
000181 36
000182 36
000183 36
000184 36
000185 37
000186 37
000187 37
000188 37
000189 37
000190 38
000191 38
000192 38
000193 38
000194 38
000195 39
000196 39
000197 39
000198 39
000199 39
000200 40
000201 40
000202 40
000203 40
000204 40
000205 41
000206 41
000207 41
000208 41
000209 41
000210 42
000211 42
000212 42
000213 42
000214 42
000215 43
000216 43
000217 43
000218 43
000219 43
000220 44
000221 44
000222 44
000223 44
000224 44
000225 45
000226 45
000227 45
000228 45
000229 45
000230 46
000231 46
000232 46
000233 46
000234 46
000235 47
000236 47
000237 47
000238 47
000239 47
000240 48
000241 48
000242 48
000243 48
000244 48
000245 49
000246 49
000247 49
000248 49
000249 49
000250 50
000251 50
000252 50
000253 50
000254 50
000255 51
000256 51
000257 51
000258 51
000259 51
000260 52
000261 52
000262 52
000263 52
000264 52
000265 53
000266 53
000267 53
000268 53
000269 53
000270 54
000271 54
000272 54
000273 54
000274 54
000275 55
000276 55
000277 55
000278 55
000279 55
000280 56
000281 56
000282 56
000283 56
000284 56
000285 57
000286 57
000287 57
000288 57
000289 57
000290 58
000291 58
000292 58
000293 58
000294 58
000295 59
000296 59
000297 59
000298 59
000299 59
000300 60
000301 60
000302 60
000303 60
000304 60
000305 61
000306 61
000307 61
000308 61
000309 61
000310 62
000311 62
000312 62
000313 62
000314 62
000315 63
000316 63
000317 63
000318 63
000319 63
000320 64
000321 64
000322 64
000323 64
000324 64
000325 65
000326 65
000327 65
000328 65
000329 65
000330 66
000331 66
000332 66
000333 66
000334 66
000335 67
000336 67
000337 67
000338 67
000339 67
000340 68
000341 68
000342 68
000343 68
000344 68
000345 69
000346 69
000347 69
000348 69
000349 69
000350 70
000351 70
000352 70
000353 70
000354 70
000355 71
000356 71
000357 71
000358 71
000359 71
000360 72
000361 72
000362 72
000363 72
000364 72
000365 73
000366 73
000367 73
000368 73
000369 73
000370 74
000371 74
000372 74
000373 74
000374 74
000375 75
000376 75
000377 75
000378 75
000379 75
000380 76
000381 76
000382 76
000383 76
000384 76
000385 77
000386 77
000387 77
000388 77
000389 77
000390 78
000391 78
000392 78
000393 78
000394 78
000395 79
000396 79
000397 79
000398 79
000399 79
000400 80
000401 80
000402 80
000403 80
000404 80
000405 81
000406 81
000407 81
000408 81
000409 81
000410 82
000411 82
000412 82
000413 82
000414 82
000415 83
000416 83
000417 83
000418 83
000419 83
000420 84
000421 84
000422 84
000423 84
000424 84
000425 85
000426 85
000427 85
000428 85
000429 85
000430 86
000431 86
000432 86
000433 86
000434 86
000435 87
000436 87
000437 87
000438 87
000439 87
000440 88
000441 88
000442 88
000443 88
000444 88
000445 89
000446 89
000447 89
000448 89
000449 89
000450 90
000451 90
000452 90
000453 90
000454 90
000455 91
000456 91
000457 91
000458 91
000459 91
000460 92
000461 92
000462 92
000463 92
000464 92
000465 93
000466 93
000467 93
000468 93
000469 93
000470 94
000471 94
000472 94
000473 94
000474 94
000475 95
000476 95
000477 95
000478 95
000479 95
000480 96
000481 96
000482 96
000483 96
000484 96
000485 97
000486 97
000487 97
000488 97
000489 97
000490 98
000491 98
000492 98
000493 98
000494 98
000495 99
000496 99
000497 99
000498 99
000499 99
000500 100
000501 100
000502 100
000503 100
000504 100
000505 101
000506 101
000507 101
000508 101
000509 101
000510 102
000511 102
000512 102
000513 102
000514 102
000515 103
000516 103
000517 103
000518 103
000519 103
000520 104
000521 104
000522 104
000523 104
000524 104
000525 105
000526 105
000527 105
000528 105
000529 105
000530 106
000531 106
000532 106
000533 106
000534 106
000535 107
000536 107
000537 107
000538 107
000539 107
000540 108
000541 108
000542 108
000543 108
000544 108
000545 109
000546 109
000547 109
000548 109
000549 109
000550 110
000551 110
000552 110
000553 110
000554 110
000555 111
000556 111
000557 111
000558 111
000559 111
000560 112
000561 112
000562 112
000563 112
000564 112
000565 113
000566 113
000567 113
000568 113
000569 113
000570 114
000571 114
000572 114
000573 114
000574 114
000575 115
000576 115
000577 115
000578 115
000579 115
000580 116
000581 116
000582 116
000583 116
000584 116
000585 117
000586 117
000587 117
000588 117
000589 117
000590 118
000591 118
000592 118
000593 118
000594 118
000595 119
000596 119
000597 119
000598 119
000599 119
000600 120
000601 120
000602 120
000603 120
000604 120
000605 121
000606 121
000607 121
000608 121
000609 121
000610 122
000611 122
000612 122
000613 122
000614 122
000615 123
000616 123
000617 123
000618 123
000619 123
000620 124
000621 124
000622 124
000623 124
000624 124
000625 125
000626 125
000627 125
000628 125
000629 125
000630 126
000631 126
000632 126
000633 126
000634 126
000635 127
000636 127
000637 127
000638 127
000639 127
000640 128
000641 128
000642 128
000643 128
000644 128
000645 129
000646 129
000647 129
000648 129
000649 129
000650 130
000651 130
000652 130
000653 130
000654 130
000655 131
000656 131
000657 131
000658 131
000659 131
000660 132
000661 132
000662 132
000663 132
000664 132
000665 133
000666 133
000667 133
000668 133
000669 133
000670 134
000671 134
000672 134
000673 134
000674 134
000675 135
000676 135
000677 135
000678 135
000679 135
000680 136
000681 136
000682 136
000683 136
000684 136
000685 137
000686 137
000687 137
000688 137
000689 137
000690 138
000691 138
000692 138
000693 138
000694 138
000695 139
000696 139
000697 139
000698 139
000699 139
000700 140
000701 140
000702 140
000703 140
000704 140
000705 141
000706 141
000707 141
000708 141
000709 141
000710 142
000711 142
000712 142
000713 142
000714 142
000715 143
000716 143
000717 143
000718 143
000719 143
000720 144
000721 144
000722 144
000723 144
000724 144
000725 145
000726 145
000727 145
000728 145
000729 145
000730 146
000731 146
000732 146
000733 146
000734 146
000735 147
000736 147
000737 147
000738 147
000739 147
000740 148
000741 148
000742 148
000743 148
000744 148
000745 149
000746 149
000747 149
000748 149
000749 149
000750 150
000751 150
000752 150
000753 150
000754 150
000755 151
000756 151
000757 151
000758 151
000759 151
000760 152
000761 152
000762 152
000763 152
000764 152
000765 153
000766 153
000767 153
000768 153
000769 153
000770 154
000771 154
000772 154
000773 154
000774 154
000775 155
000776 155
000777 155
000778 155
000779 155
000780 156
000781 156
000782 156
000783 156
000784 156
000785 157
000786 157
000787 157
000788 157
000789 157
000790 158
000791 158
000792 158
000793 158
000794 158
000795 159
000796 159
000797 159
000798 159
000799 159
000800 160
000801 160
000802 160
000803 160
000804 160
000805 161
000806 161
000807 161
000808 161
000809 161
000810 162
000811 162
000812 162
000813 162
000814 162
000815 163
000816 163
000817 163
000818 163
000819 163
000820 164
000821 164
000822 164
000823 164
000824 164
000825 165
000826 165
000827 165
000828 165
000829 165
000830 166
000831 166
000832 166
000833 166
000834 166
000835 167
000836 167
000837 167
000838 167
000839 167
000840 168
000841 168
000842 168
000843 168
000844 168
000845 169
000846 169
000847 169
000848 169
000849 169
000850 170
000851 170
000852 170
000853 170
000854 170
000855 171
000856 171
000857 171
000858 171
000859 171
000860 172
000861 172
000862 172
000863 172
000864 172
000865 173
000866 173
000867 173
000868 173
000869 173
000870 174
000871 174
000872 174
000873 174
000874 174
000875 175
000876 175
000877 175
000878 175
000879 175
000880 176
000881 176
000882 176
000883 176
000884 176
000885 177
000886 177
000887 177
000888 177
000889 177
000890 178
000891 178
000892 178
000893 178
000894 178
000895 179
000896 179
000897 179
000898 179
000899 179
000900 180
000901 180
000902 180
000903 180
000904 180
000905 181
000906 181
000907 181
000908 181
000909 181
000910 182
000911 182
000912 182
000913 182
000914 182
000915 183
000916 183
000917 183
000918 183
000919 183
000920 184
000921 184
000922 184
000923 184
000924 184
000925 185
000926 185
000927 185
000928 185
000929 185
000930 186
000931 186
000932 186
000933 186
000934 186
000935 187
000936 187
000937 187
000938 187
000939 187
000940 188
000941 188
000942 188
000943 188
000944 188
000945 189
000946 189
000947 189
000948 189
000949 189
000950 190
000951 190
000952 190
000953 190
000954 190
000955 191
000956 191
000957 191
000958 191
000959 191
000960 192
000961 192
000962 192
000963 192
000964 192
000965 193
000966 193
000967 193
000968 193
000969 193
000970 194
000971 194
000972 194
000973 194
000974 194
000975 195
000976 195
000977 195
000978 195
000979 195
000980 196
000981 196
000982 196
000983 196
000984 196
000985 197
000986 197
000987 197
000988 197
000989 197
000990 198
000991 198
000992 198
000993 198
000994 198
000995 199
000996 199
000997 199
000998 199
000999 199
001000 200
001001 200
001002 200
001003 200
001004 200
001005 201
001006 201
001007 201
001008 201
001009 201
001010 202
001011 202
001012 202
001013 202
001014 202
001015 203
001016 203
001017 203
001018 203
001019 203
001020 204
001021 204
001022 204
001023 204
001024 204
001025 205
001026 205
001027 205
001028 205
001029 205
001030 206
001031 206
001032 206
001033 206
001034 206
001035 207
001036 207
001037 207
001038 207
001039 207
001040 208
001041 208
001042 208
001043 208
001044 208
001045 209
001046 209
001047 209
001048 209
001049 209
001050 210
001051 210
001052 210
001053 210
001054 210
001055 211
001056 211
001057 211
001058 211
001059 211
001060 212
001061 212
001062 212
001063 212
001064 212
001065 213
001066 213
001067 213
001068 213
001069 213
001070 214
001071 214
001072 214
001073 214
001074 214
001075 215
001076 215
001077 215
001078 215
001079 215
001080 216
001081 216
001082 216
001083 216
001084 216
001085 217
001086 217
001087 217
001088 217
001089 217
001090 218
001091 218
001092 218
001093 218
001094 218
001095 219
001096 219
001097 219
001098 219
001099 219
001100 220
001101 220
001102 220
001103 220
001104 220
001105 221
001106 221
001107 221
001108 221
001109 221
001110 222
001111 222
001112 222
001113 222
001114 222
001115 223
001116 223
001117 223
001118 223
001119 223
001120 224
001121 224
001122 224
001123 224
001124 224
001125 225
001126 225
001127 225
001128 225
001129 225
001130 226
001131 226
001132 226
001133 226
001134 226
001135 227
001136 227
001137 227
001138 227
001139 227
001140 228
001141 228
001142 228
001143 228
001144 228
001145 229
001146 229
001147 229
001148 229
001149 229
001150 230
001151 230
001152 230
001153 230
001154 230
001155 231
001156 231
001157 231
001158 231
001159 231
001160 232
001161 232
001162 232
001163 232
001164 232
001165 233
001166 233
001167 233
001168 233
001169 233
001170 234
001171 234
001172 234
001173 234
001174 234
001175 235
001176 235
001177 235
001178 235
001179 235
001180 236
001181 236
001182 236
001183 236
001184 236
001185 237
001186 237
001187 237
001188 237
001189 237
001190 238
001191 238
001192 238
001193 238
001194 238
001195 239
001196 239
001197 239
001198 239
001199 239
001200 240
001201 240
001202 240
001203 240
001204 240
001205 241
001206 241
001207 241
001208 241
001209 241
001210 242
001211 242
001212 242
001213 242
001214 242
001215 243
001216 243
001217 243
001218 243
001219 243
001220 244
001221 244
001222 244
001223 244
001224 244
001225 245
001226 245
001227 245
001228 245
001229 245
001230 246
001231 246
001232 246
001233 246
001234 246
001235 247
001236 247
001237 247
001238 247
001239 247
001240 248
001241 248
001242 248
001243 248
001244 248
001245 249
001246 249
001247 249
001248 249
001249 249
001250 250
001251 250
001252 250
001253 250
001254 250
001255 251
001256 251
001257 251
001258 251
001259 251
001260 252
001261 252
001262 252
001263 252
001264 252
001265 253
001266 253
001267 253
001268 253
001269 253
001270 254
001271 254
001272 254
001273 254
001274 254
001275 255
001276 255
001277 255
001278 255
001279 255
001280 256
001281 256
001282 256
001283 256
001284 256
001285 257
001286 257
001287 257
001288 257
001289 257
001290 258
001291 258
001292 258
001293 258
001294 258
001295 259
001296 259
001297 259
001298 259
001299 259
001300 260
001301 260
001302 260
001303 260
001304 260
001305 261
001306 261
001307 261
001308 261
001309 261
001310 262
001311 262
001312 262
001313 262
001314 262
001315 263
001316 263
001317 263
001318 263
001319 263
001320 264
001321 264
001322 264
001323 264
001324 264
001325 265
001326 265
001327 265
001328 265
001329 265
001330 266
001331 266
001332 266
001333 266
001334 266
001335 267
001336 267
001337 267
001338 267
001339 267
001340 268
001341 268
001342 268
001343 268
001344 268
001345 269
001346 269
001347 269
001348 269
001349 269
001350 270
001351 270
001352 270
001353 270
001354 270
001355 271
001356 271
001357 271
001358 271
001359 271
001360 272
001361 272
001362 272
001363 272
001364 272
001365 273
001366 273
001367 273
001368 273
001369 273
001370 274
001371 274
001372 274
001373 274
001374 274
001375 275
001376 275
001377 275
001378 275
001379 275
001380 276
001381 276
001382 276
001383 276
001384 276
001385 277
001386 277
001387 277
001388 277
001389 277
001390 278
001391 278
001392 278
001393 278
001394 278
001395 279
001396 279
001397 279
001398 279
001399 279
001400 280
001401 280
001402 280
001403 280
001404 280
001405 281
001406 281
001407 281
001408 281
001409 281
001410 282
001411 282
001412 282
001413 282
001414 282
001415 283
001416 283
001417 283
001418 283
001419 283
001420 284
001421 284
001422 284
001423 284
001424 284
001425 285
001426 285
001427 285
001428 285
001429 285
001430 286
001431 286
001432 286
001433 286
001434 286
001435 287
001436 287
001437 287
001438 287
001439 287
001440 288
001441 288
001442 288
001443 288
001444 288
001445 289
001446 289
001447 289
001448 289
001449 289
001450 290
001451 290
001452 290
001453 290
001454 290
001455 291
001456 291
001457 291
001458 291
001459 291
001460 292
001461 292
001462 292
001463 292
001464 292
001465 293
001466 293
001467 293
001468 293
001469 293
001470 294
001471 294
001472 294
001473 294
001474 294
001475 295
001476 295
001477 295
001478 295
001479 295
001480 296
001481 296
001482 296
001483 296
001484 296
001485 297
001486 297
001487 297
001488 297
001489 297
001490 298
001491 298
001492 298
001493 298
001494 298
001495 299
001496 299
001497 299
001498 299
001499 299
001500 300
001501 300
001502 300
001503 300
001504 300
001505 301
001506 301
001507 301
001508 301
001509 301
001510 302
001511 302
001512 302
001513 302
001514 302
001515 303
001516 303
001517 303
001518 303
001519 303
001520 304
001521 304
001522 304
001523 304
001524 304
001525 305
001526 305
001527 305
001528 305
001529 305
001530 306
001531 306
001532 306
001533 306
001534 306
001535 307
001536 307
001537 307
001538 307
001539 307
001540 308
001541 308
001542 308
001543 308
001544 308
001545 309
001546 309
001547 309
001548 309
001549 309
001550 310
001551 310
001552 310
001553 310
001554 310
001555 311
001556 311
001557 311
001558 311
001559 311
001560 312
001561 312
001562 312
001563 312
001564 312
001565 313
001566 313
001567 313
001568 313
001569 313
001570 314
001571 314
001572 314
001573 314
001574 314
001575 315
001576 315
001577 315
001578 315
001579 315
001580 316
001581 316
001582 316
001583 316
001584 316
001585 317
001586 317
001587 317
001588 317
001589 317
001590 318
001591 318
001592 318
001593 318
001594 318
001595 319
001596 319
001597 319
001598 319
001599 319
001600 320
001601 320
001602 320
001603 320
001604 320
001605 321
001606 321
001607 321
001608 321
001609 321
001610 322
001611 322
001612 322
001613 322
001614 322
001615 323
001616 323
001617 323
001618 323
001619 323
001620 324
001621 324
001622 324
001623 324
001624 324
001625 325
001626 325
001627 325
001628 325
001629 325
001630 326
001631 326
001632 326
001633 326
001634 326
001635 327
001636 327
001637 327
001638 327
001639 327
001640 328
001641 328
001642 328
001643 328
001644 328
001645 329
001646 329
001647 329
001648 329
001649 329
001650 330
001651 330
001652 330
001653 330
001654 330
001655 331
001656 331
001657 331
001658 331
001659 331
001660 332
001661 332
001662 332
001663 332
001664 332
001665 333
001666 333
001667 333
001668 333
001669 333
001670 334
001671 334
001672 334
001673 334
001674 334
001675 335
001676 335
001677 335
001678 335
001679 335
001680 336
001681 336
001682 336
001683 336
001684 336
001685 337
001686 337
001687 337
001688 337
001689 337
001690 338
001691 338
001692 338
001693 338
001694 338
001695 339
001696 339
001697 339
001698 339
001699 339
001700 340
001701 340
001702 340
001703 340
001704 340
001705 341
001706 341
001707 341
001708 341
001709 341
001710 342
001711 342
001712 342
001713 342
001714 342
001715 343
001716 343
001717 343
001718 343
001719 343
001720 344
001721 344
001722 344
001723 344
001724 344
001725 345
001726 345
001727 345
001728 345
001729 345
001730 346
001731 346
001732 346
001733 346
001734 346
001735 347
001736 347
001737 347
001738 347
001739 347
001740 348
001741 348
001742 348
001743 348
001744 348
001745 349
001746 349
001747 349
001748 349
001749 349
001750 350
001751 350
001752 350
001753 350
001754 350
001755 351
001756 351
001757 351
001758 351
001759 351
001760 352
001761 352
001762 352
001763 352
001764 352
001765 353
001766 353
001767 353
001768 353
001769 353
001770 354
001771 354
001772 354
001773 354
001774 354
001775 355
001776 355
001777 355
001778 355
001779 355
001780 356
001781 356
001782 356
001783 356
001784 356
001785 357
001786 357
001787 357
001788 357
001789 357
001790 358
001791 358
001792 358
001793 358
001794 358
001795 359
001796 359
001797 359
001798 359
001799 359
001800 360
001801 360
001802 360
001803 360
001804 360
001805 361
001806 361
001807 361
001808 361
001809 361
001810 362
001811 362
001812 362
001813 362
001814 362
001815 363
001816 363
001817 363
001818 363
001819 363
001820 364
001821 364
001822 364
001823 364
001824 364
001825 365
001826 365
001827 365
001828 365
001829 365
001830 366
001831 366
001832 366
001833 366
001834 366
001835 367
001836 367
001837 367
001838 367
001839 367
001840 368
001841 368
001842 368
001843 368
001844 368
001845 369
001846 369
001847 369
001848 369
001849 369
001850 370
001851 370
001852 370
001853 370
001854 370
001855 371
001856 371
001857 371
001858 371
001859 371
001860 372
001861 372
001862 372
001863 372
001864 372
001865 373
001866 373
001867 373
001868 373
001869 373
001870 374
001871 374
001872 374
001873 374
001874 374
001875 375
001876 375
001877 375
001878 375
001879 375
001880 376
001881 376
001882 376
001883 376
001884 376
001885 377
001886 377
001887 377
001888 377
001889 377
001890 378
001891 378
001892 378
001893 378
001894 378
001895 379
001896 379
001897 379
001898 379
001899 379
001900 380
001901 380
001902 380
001903 380
001904 380
001905 381
001906 381
001907 381
001908 381
001909 381
001910 382
001911 382
001912 382
001913 382
001914 382
001915 383
001916 383
001917 383
001918 383
001919 383
001920 384
001921 384
001922 384
001923 384
001924 384
001925 385
001926 385
001927 385
001928 385
001929 385
001930 386
001931 386
001932 386
001933 386
001934 386
001935 387
001936 387
001937 387
001938 387
001939 387
001940 388
001941 388
001942 388
001943 388
001944 388
001945 389
001946 389
001947 389
001948 389
001949 389
001950 390
001951 390
001952 390
001953 390
001954 390
001955 391
001956 391
001957 391
001958 391
001959 391
001960 392
001961 392
001962 392
001963 392
001964 392
001965 393
001966 393
001967 393
001968 393
001969 393
001970 394
001971 394
001972 394
001973 394
001974 394
001975 395
001976 395
001977 395
001978 395
001979 395
001980 396
001981 396
001982 396
001983 396
001984 396
001985 397
001986 397
001987 397
001988 397
001989 397
001990 398
001991 398
001992 398
001993 398
001994 398
001995 399
001996 399
001997 399
001998 399
001999 399
002000 400
002001 400
002002 400
002003 400
002004 400
002005 401
002006 401
002007 401
002008 401
002009 401
002010 402
002011 402
002012 402
002013 402
002014 402
002015 403
002016 403
002017 403
002018 403
002019 403
002020 404
002021 404
002022 404
002023 404
002024 404
002025 405
002026 405
002027 405
002028 405
002029 405
002030 406
002031 406
002032 406
002033 406
002034 406
002035 407
002036 407
002037 407
002038 407
002039 407
002040 408
002041 408
002042 408
002043 408
002044 408
002045 409
002046 409
002047 409
002048 409
002049 409
002050 410
002051 410
002052 410
002053 410
002054 410
002055 411
002056 411
002057 411
002058 411
002059 411
002060 412
002061 412
002062 412
002063 412
002064 412
002065 413
002066 413
002067 413
002068 413
002069 413
002070 414
002071 414
002072 414
002073 414
002074 414
002075 415
002076 415
002077 415
002078 415
002079 415
002080 416
002081 416
002082 416
002083 416
002084 416
002085 417
002086 417
002087 417
002088 417
002089 417
002090 418
002091 418
002092 418
002093 418
002094 418
002095 419
002096 419
002097 419
002098 419
002099 419
002100 420
002101 420
002102 420
002103 420
002104 420
002105 421
002106 421
002107 421
002108 421
002109 421
002110 422
002111 422
002112 422
002113 422
002114 422
002115 423
002116 423
002117 423
002118 423
002119 423
002120 424
002121 424
002122 424
002123 424
002124 424
002125 425
002126 425
002127 425
002128 425
002129 425
002130 426
002131 426
002132 426
002133 426
002134 426
002135 427
002136 427
002137 427
002138 427
002139 427
002140 428
002141 428
002142 428
002143 428
002144 428
002145 429
002146 429
002147 429
002148 429
002149 429
002150 430
002151 430
002152 430
002153 430
002154 430
002155 431
002156 431
002157 431
002158 431
002159 431
002160 432
002161 432
002162 432
002163 432
002164 432
002165 433
002166 433
002167 433
002168 433
002169 433
002170 434
002171 434
002172 434
002173 434
002174 434
002175 435
002176 435
002177 435
002178 435
002179 435
002180 436
002181 436
002182 436
002183 436
002184 436
002185 437
002186 437
002187 437
002188 437
002189 437
002190 438
002191 438
002192 438
002193 438
002194 438
002195 439
002196 439
002197 439
002198 439
002199 439
002200 440
002201 440
002202 440
002203 440
002204 440
002205 441
002206 441
002207 441
002208 441
002209 441
002210 442
002211 442
002212 442
002213 442
002214 442
002215 443
002216 443
002217 443
002218 443
002219 443
002220 444
002221 444
002222 444
002223 444
002224 444
002225 445
002226 445
002227 445
002228 445
002229 445
002230 446
002231 446
002232 446
002233 446
002234 446
002235 447
002236 447
002237 447
002238 447
002239 447
002240 448
002241 448
002242 448
002243 448
002244 448
002245 449
002246 449
002247 449
002248 449
002249 449
002250 450
002251 450
002252 450
002253 450
002254 450
002255 451
002256 451
002257 451
002258 451
002259 451
002260 452
002261 452
002262 452
002263 452
002264 452
002265 453
002266 453
002267 453
002268 453
002269 453
002270 454
002271 454
002272 454
002273 454
002274 454
002275 455
002276 455
002277 455
002278 455
002279 455
002280 456
002281 456
002282 456
002283 456
002284 456
002285 457
002286 457
002287 457
002288 457
002289 457
002290 458
002291 458
002292 458
002293 458
002294 458
002295 459
002296 459
002297 459
002298 459
002299 459
002300 460
002301 460
002302 460
002303 460
002304 460
002305 461
002306 461
002307 461
002308 461
002309 461
002310 462
002311 462
002312 462
002313 462
002314 462
002315 463
002316 463
002317 463
002318 463
002319 463
002320 464
002321 464
002322 464
002323 464
002324 464
002325 465
002326 465
002327 465
002328 465
002329 465
002330 466
002331 466
002332 466
002333 466
002334 466
002335 467
002336 467
002337 467
002338 467
002339 467
002340 468
002341 468
002342 468
002343 468
002344 468
002345 469
002346 469
002347 469
002348 469
002349 469
002350 470
002351 470
002352 470
002353 470
002354 470
002355 471
002356 471
002357 471
002358 471
002359 471
002360 472
002361 472
002362 472
002363 472
002364 472
002365 473
002366 473
002367 473
002368 473
002369 473
002370 474
002371 474
002372 474
002373 474
002374 474
002375 475
002376 475
002377 475
002378 475
002379 475
002380 476
002381 476
002382 476
002383 476
002384 476
002385 477
002386 477
002387 477
002388 477
002389 477
002390 478
002391 478
002392 478
002393 478
002394 478
002395 479
002396 479
002397 479
002398 479
002399 479
002400 480
002401 480
002402 480
002403 480
002404 480
002405 481
002406 481
002407 481
002408 481
002409 481
002410 482
002411 482
002412 482
002413 482
002414 482
002415 483
002416 483
002417 483
002418 483
002419 483
002420 484
002421 484
002422 484
002423 484
002424 484
002425 485
002426 485
002427 485
002428 485
002429 485
002430 486
002431 486
002432 486
002433 486
002434 486
002435 487
002436 487
002437 487
002438 487
002439 487
002440 488
002441 488
002442 488
002443 488
002444 488
002445 489
002446 489
002447 489
002448 489
002449 489
002450 490
002451 490
002452 490
002453 490
002454 490
002455 491
002456 491
002457 491
002458 491
002459 491
002460 492
002461 492
002462 492
002463 492
002464 492
002465 493
002466 493
002467 493
002468 493
002469 493
002470 494
002471 494
002472 494
002473 494
002474 494
002475 495
002476 495
002477 495
002478 495
002479 495
002480 496
002481 496
002482 496
002483 496
002484 496
002485 497
002486 497
002487 497
002488 497
002489 497
002490 498
002491 498
002492 498
002493 498
002494 498
002495 499
002496 499
002497 499
002498 499
002499 499
002500 500
002501 500
002502 500
002503 500
002504 500
002505 501
002506 501
002507 501
002508 501
002509 501
002510 502
002511 502
002512 502
002513 502
002514 502
002515 503
002516 503
002517 503
002518 503
002519 503
002520 504
002521 504
002522 504
002523 504
002524 504
002525 505
002526 505
002527 505
002528 505
002529 505
002530 506
002531 506
002532 506
002533 506
002534 506
002535 507
002536 507
002537 507
002538 507
002539 507
002540 508
002541 508
002542 508
002543 508
002544 508
002545 509
002546 509
002547 509
002548 509
002549 509
002550 510
002551 510
002552 510
002553 510
002554 510
002555 511
002556 511
002557 511
002558 511
002559 511
002560 512
002561 512
002562 512
002563 512
002564 512
002565 513
002566 513
002567 513
002568 513
002569 513
002570 514
002571 514
002572 514
002573 514
002574 514
002575 515
002576 515
002577 515
002578 515
002579 515
002580 516
002581 516
002582 516
002583 516
002584 516
002585 517
002586 517
002587 517
002588 517
002589 517
002590 518
002591 518
002592 518
002593 518
002594 518
002595 519
002596 519
002597 519
002598 519
002599 519
002600 520
002601 520
002602 520
002603 520
002604 520
002605 521
002606 521
002607 521
002608 521
002609 521
002610 522
002611 522
002612 522
002613 522
002614 522
002615 523
002616 523
002617 523
002618 523
002619 523
002620 524
002621 524
002622 524
002623 524
002624 524
002625 525
002626 525
002627 525
002628 525
002629 525
002630 526
002631 526
002632 526
002633 526
002634 526
002635 527
002636 527
002637 527
002638 527
002639 527
002640 528
002641 528
002642 528
002643 528
002644 528
002645 529
002646 529
002647 529
002648 529
002649 529
002650 530
002651 530
002652 530
002653 530
002654 530
002655 531
002656 531
002657 531
002658 531
002659 531
002660 532
002661 532
002662 532
002663 532
002664 532
002665 533
002666 533
002667 533
002668 533
002669 533
002670 534
002671 534
002672 534
002673 534
002674 534
002675 535
002676 535
002677 535
002678 535
002679 535
002680 536
002681 536
002682 536
002683 536
002684 536
002685 537
002686 537
002687 537
002688 537
002689 537
002690 538
002691 538
002692 538
002693 538
002694 538
002695 539
002696 539
002697 539
002698 539
002699 539
002700 540
002701 540
002702 540
002703 540
002704 540
002705 541
002706 541
002707 541
002708 541
002709 541
002710 542
002711 542
002712 542
002713 542
002714 542
002715 543
002716 543
002717 543
002718 543
002719 543
002720 544
002721 544
002722 544
002723 544
002724 544
002725 545
002726 545
002727 545
002728 545
002729 545
002730 546
002731 546
002732 546
002733 546
002734 546
002735 547
002736 547
002737 547
002738 547
002739 547
002740 548
002741 548
002742 548
002743 548
002744 548
002745 549
002746 549
002747 549
002748 549
002749 549
002750 550
002751 550
002752 550
002753 550
002754 550
002755 551
002756 551
002757 551
002758 551
002759 551
002760 552
002761 552
002762 552
002763 552
002764 552
002765 553
002766 553
002767 553
002768 553
002769 553
002770 554
002771 554
002772 554
002773 554
002774 554
002775 555
002776 555
002777 555
002778 555
002779 555
002780 556
002781 556
002782 556
002783 556
002784 556
002785 557
002786 557
002787 557
002788 557
002789 557
002790 558
002791 558
002792 558
002793 558
002794 558
002795 559
002796 559
002797 559
002798 559
002799 559
002800 560
002801 560
002802 560
002803 560
002804 560
002805 561
002806 561
002807 561
002808 561
002809 561
002810 562
002811 562
002812 562
002813 562
002814 562
002815 563
002816 563
002817 563
002818 563
002819 563
002820 564
002821 564
002822 564
002823 564
002824 564
002825 565
002826 565
002827 565
002828 565
002829 565
002830 566
002831 566
002832 566
002833 566
002834 566
002835 567
002836 567
002837 567
002838 567
002839 567
002840 568
002841 568
002842 568
002843 568
002844 568
002845 569
002846 569
002847 569
002848 569
002849 569
002850 570
002851 570
002852 570
002853 570
002854 570
002855 571
002856 571
002857 571
002858 571
002859 571
002860 572
002861 572
002862 572
002863 572
002864 572
002865 573
002866 573
002867 573
002868 573
002869 573
002870 574
002871 574
002872 574
002873 574
002874 574
002875 575
002876 575
002877 575
002878 575
002879 575
002880 576
002881 576
002882 576
002883 576
002884 576
002885 577
002886 577
002887 577
002888 577
002889 577
002890 578
002891 578
002892 578
002893 578
002894 578
002895 579
002896 579
002897 579
002898 579
002899 579
002900 580
002901 580
002902 580
002903 580
002904 580
002905 581
002906 581
002907 581
002908 581
002909 581
002910 582
002911 582
002912 582
002913 582
002914 582
002915 583
002916 583
002917 583
002918 583
002919 583
002920 584
002921 584
002922 584
002923 584
002924 584
002925 585
002926 585
002927 585
002928 585
002929 585
002930 586
002931 586
002932 586
002933 586
002934 586
002935 587
002936 587
002937 587
002938 587
002939 587
002940 588
002941 588
002942 588
002943 588
002944 588
002945 589
002946 589
002947 589
002948 589
002949 589
002950 590
002951 590
002952 590
002953 590
002954 590
002955 591
002956 591
002957 591
002958 591
002959 591
002960 592
002961 592
002962 592
002963 592
002964 592
002965 593
002966 593
002967 593
002968 593
002969 593
002970 594
002971 594
002972 594
002973 594
002974 594
002975 595
002976 595
002977 595
002978 595
002979 595
002980 596
002981 596
002982 596
002983 596
002984 596
002985 597
002986 597
002987 597
002988 597
002989 597
002990 598
002991 598
002992 598
002993 598
002994 598
002995 599
002996 599
002997 599
002998 599
002999 599
003000 600
003001 600
003002 600
003003 600
003004 600
003005 601
003006 601
003007 601
003008 601
003009 601
003010 602
003011 602
003012 602
003013 602
003014 602
003015 603
003016 603
003017 603
003018 603
003019 603
003020 604
003021 604
003022 604
003023 604
003024 604
003025 605
003026 605
003027 605
003028 605
003029 605
003030 606
003031 606
003032 606
003033 606
003034 606
003035 607
003036 607
003037 607
003038 607
003039 607
003040 608
003041 608
003042 608
003043 608
003044 608
003045 609
003046 609
003047 609
003048 609
003049 609
003050 610
003051 610
003052 610
003053 610
003054 610
003055 611
003056 611
003057 611
003058 611
003059 611
003060 612
003061 612
003062 612
003063 612
003064 612
003065 613
003066 613
003067 613
003068 613
003069 613
003070 614
003071 614
003072 614
003073 614
003074 614
003075 615
003076 615
003077 615
003078 615
003079 615
003080 616
003081 616
003082 616
003083 616
003084 616
003085 617
003086 617
003087 617
003088 617
003089 617
003090 618
003091 618
003092 618
003093 618
003094 618
003095 619
003096 619
003097 619
003098 619
003099 619
003100 620
003101 620
003102 620
003103 620
003104 620
003105 621
003106 621
003107 621
003108 621
003109 621
003110 622
003111 622
003112 622
003113 622
003114 622
003115 623
003116 623
003117 623
003118 623
003119 623
003120 624
003121 624
003122 624
003123 624
003124 624
003125 625
003126 625
003127 625
003128 625
003129 625
003130 626
003131 626
003132 626
003133 626
003134 626
003135 627
003136 627
003137 627
003138 627
003139 627
003140 628
003141 628
003142 628
003143 628
003144 628
003145 629
003146 629
003147 629
003148 629
003149 629
003150 630
003151 630
003152 630
003153 630
003154 630
003155 631
003156 631
003157 631
003158 631
003159 631
003160 632
003161 632
003162 632
003163 632
003164 632
003165 633
003166 633
003167 633
003168 633
003169 633
003170 634
003171 634
003172 634
003173 634
003174 634
003175 635
003176 635
003177 635
003178 635
003179 635
003180 636
003181 636
003182 636
003183 636
003184 636
003185 637
003186 637
003187 637
003188 637
003189 637
003190 638
003191 638
003192 638
003193 638
003194 638
003195 639
003196 639
003197 639
003198 639
003199 639
003200 640
003201 640
003202 640
003203 640
003204 640
003205 641
003206 641
003207 641
003208 641
003209 641
003210 642
003211 642
003212 642
003213 642
003214 642
003215 643
003216 643
003217 643
003218 643
003219 643
003220 644
003221 644
003222 644
003223 644
003224 644
003225 645
003226 645
003227 645
003228 645
003229 645
003230 646
003231 646
003232 646
003233 646
003234 646
003235 647
003236 647
003237 647
003238 647
003239 647
003240 648
003241 648
003242 648
003243 648
003244 648
003245 649
003246 649
003247 649
003248 649
003249 649
003250 650
003251 650
003252 650
003253 650
003254 650
003255 651
003256 651
003257 651
003258 651
003259 651
003260 652
003261 652
003262 652
003263 652
003264 652
003265 653
003266 653
003267 653
003268 653
003269 653
003270 654
003271 654
003272 654
003273 654
003274 654
003275 655
003276 655
003277 655
003278 655
003279 655
003280 656
003281 656
003282 656
003283 656
003284 656
003285 657
003286 657
003287 657
003288 657
003289 657
003290 658
003291 658
003292 658
003293 658
003294 658
003295 659
003296 659
003297 659
003298 659
003299 659
003300 660
003301 660
003302 660
003303 660
003304 660
003305 661
003306 661
003307 661
003308 661
003309 661
003310 662
003311 662
003312 662
003313 662
003314 662
003315 663
003316 663
003317 663
003318 663
003319 663
003320 664
003321 664
003322 664
003323 664
003324 664
003325 665
003326 665
003327 665
003328 665
003329 665
003330 666
003331 666
003332 666
003333 666
003334 666
003335 667
003336 667
003337 667
003338 667
003339 667
003340 668
003341 668
003342 668
003343 668
003344 668
003345 669
003346 669
003347 669
003348 669
003349 669
003350 670
003351 670
003352 670
003353 670
003354 670
003355 671
003356 671
003357 671
003358 671
003359 671
003360 672
003361 672
003362 672
003363 672
003364 672
003365 673
003366 673
003367 673
003368 673
003369 673
003370 674
003371 674
003372 674
003373 674
003374 674
003375 675
003376 675
003377 675
003378 675
003379 675
003380 676
003381 676
003382 676
003383 676
003384 676
003385 677
003386 677
003387 677
003388 677
003389 677
003390 678
003391 678
003392 678
003393 678
003394 678
003395 679
003396 679
003397 679
003398 679
003399 679
003400 680
003401 680
003402 680
003403 680
003404 680
003405 681
003406 681
003407 681
003408 681
003409 681
003410 682
003411 682
003412 682
003413 682
003414 682
003415 683
003416 683
003417 683
003418 683
003419 683
003420 684
003421 684
003422 684
003423 684
003424 684
003425 685
003426 685
003427 685
003428 685
003429 685
003430 686
003431 686
003432 686
003433 686
003434 686
003435 687
003436 687
003437 687
003438 687
003439 687
003440 688
003441 688
003442 688
003443 688
003444 688
003445 689
003446 689
003447 689
003448 689
003449 689
003450 690
003451 690
003452 690
003453 690
003454 690
003455 691
003456 691
003457 691
003458 691
003459 691
003460 692
003461 692
003462 692
003463 692
003464 692
003465 693
003466 693
003467 693
003468 693
003469 693
003470 694
003471 694
003472 694
003473 694
003474 694
003475 695
003476 695
003477 695
003478 695
003479 695
003480 696
003481 696
003482 696
003483 696
003484 696
003485 697
003486 697
003487 697
003488 697
003489 697
003490 698
003491 698
003492 698
003493 698
003494 698
003495 699
003496 699
003497 699
003498 699
003499 699
003500 700
003501 700
003502 700
003503 700
003504 700
003505 701
003506 701
003507 701
003508 701
003509 701
003510 702
003511 702
003512 702
003513 702
003514 702
003515 703
003516 703
003517 703
003518 703
003519 703
003520 704
003521 704
003522 704
003523 704
003524 704
003525 705
003526 705
003527 705
003528 705
003529 705
003530 706
003531 706
003532 706
003533 706
003534 706
003535 707
003536 707
003537 707
003538 707
003539 707
003540 708
003541 708
003542 708
003543 708
003544 708
003545 709
003546 709
003547 709
003548 709
003549 709
003550 710
003551 710
003552 710
003553 710
003554 710
003555 711
003556 711
003557 711
003558 711
003559 711
003560 712
003561 712
003562 712
003563 712
003564 712
003565 713
003566 713
003567 713
003568 713
003569 713
003570 714
003571 714
003572 714
003573 714
003574 714
003575 715
003576 715
003577 715
003578 715
003579 715
003580 716
003581 716
003582 716
003583 716
003584 716
003585 717
003586 717
003587 717
003588 717
003589 717
003590 718
003591 718
003592 718
003593 718
003594 718
003595 719
003596 719
003597 719
003598 719
003599 719
003600 720
003601 720
003602 720
003603 720
003604 720
003605 721
003606 721
003607 721
003608 721
003609 721
003610 722
003611 722
003612 722
003613 722
003614 722
003615 723
003616 723
003617 723
003618 723
003619 723
003620 724
003621 724
003622 724
003623 724
003624 724
003625 725
003626 725
003627 725
003628 725
003629 725
003630 726
003631 726
003632 726
003633 726
003634 726
003635 727
003636 727
003637 727
003638 727
003639 727
003640 728
003641 728
003642 728
003643 728
003644 728
003645 729
003646 729
003647 729
003648 729
003649 729
003650 730
003651 730
003652 730
003653 730
003654 730
003655 731
003656 731
003657 731
003658 731
003659 731
003660 732
003661 732
003662 732
003663 732
003664 732
003665 733
003666 733
003667 733
003668 733
003669 733
003670 734
003671 734
003672 734
003673 734
003674 734
003675 735
003676 735
003677 735
003678 735
003679 735
003680 736
003681 736
003682 736
003683 736
003684 736
003685 737
003686 737
003687 737
003688 737
003689 737
003690 738
003691 738
003692 738
003693 738
003694 738
003695 739
003696 739
003697 739
003698 739
003699 739
003700 740
003701 740
003702 740
003703 740
003704 740
003705 741
003706 741
003707 741
003708 741
003709 741
003710 742
003711 742
003712 742
003713 742
003714 742
003715 743
003716 743
003717 743
003718 743
003719 743
003720 744
003721 744
003722 744
003723 744
003724 744
003725 745
003726 745
003727 745
003728 745
003729 745
003730 746
003731 746
003732 746
003733 746
003734 746
003735 747
003736 747
003737 747
003738 747
003739 747
003740 748
003741 748
003742 748
003743 748
003744 748
003745 749
003746 749
003747 749
003748 749
003749 749
003750 750
003751 750
003752 750
003753 750
003754 750
003755 751
003756 751
003757 751
003758 751
003759 751
003760 752
003761 752
003762 752
003763 752
003764 752
003765 753
003766 753
003767 753
003768 753
003769 753
003770 754
003771 754
003772 754
003773 754
003774 754
003775 755
003776 755
003777 755
003778 755
003779 755
003780 756
003781 756
003782 756
003783 756
003784 756
003785 757
003786 757
003787 757
003788 757
003789 757
003790 758
003791 758
003792 758
003793 758
003794 758
003795 759
003796 759
003797 759
003798 759
003799 759
003800 760
003801 760
003802 760
003803 760
003804 760
003805 761
003806 761
003807 761
003808 761
003809 761
003810 762
003811 762
003812 762
003813 762
003814 762
003815 763
003816 763
003817 763
003818 763
003819 763
003820 764
003821 764
003822 764
003823 764
003824 764
003825 765
003826 765
003827 765
003828 765
003829 765
003830 766
003831 766
003832 766
003833 766
003834 766
003835 767
003836 767
003837 767
003838 767
003839 767
003840 768
003841 768
003842 768
003843 768
003844 768
003845 769
003846 769
003847 769
003848 769
003849 769
003850 770
003851 770
003852 770
003853 770
003854 770
003855 771
003856 771
003857 771
003858 771
003859 771
003860 772
003861 772
003862 772
003863 772
003864 772
003865 773
003866 773
003867 773
003868 773
003869 773
003870 774
003871 774
003872 774
003873 774
003874 774
003875 775
003876 775
003877 775
003878 775
003879 775
003880 776
003881 776
003882 776
003883 776
003884 776
003885 777
003886 777
003887 777
003888 777
003889 777
003890 778
003891 778
003892 778
003893 778
003894 778
003895 779
003896 779
003897 779
003898 779
003899 779
003900 780
003901 780
003902 780
003903 780
003904 780
003905 781
003906 781
003907 781
003908 781
003909 781
003910 782
003911 782
003912 782
003913 782
003914 782
003915 783
003916 783
003917 783
003918 783
003919 783
003920 784
003921 784
003922 784
003923 784
003924 784
003925 785
003926 785
003927 785
003928 785
003929 785
003930 786
003931 786
003932 786
003933 786
003934 786
003935 787
003936 787
003937 787
003938 787
003939 787
003940 788
003941 788
003942 788
003943 788
003944 788
003945 789
003946 789
003947 789
003948 789
003949 789
003950 790
003951 790
003952 790
003953 790
003954 790
003955 791
003956 791
003957 791
003958 791
003959 791
003960 792
003961 792
003962 792
003963 792
003964 792
003965 793
003966 793
003967 793
003968 793
003969 793
003970 794
003971 794
003972 794
003973 794
003974 794
003975 795
003976 795
003977 795
003978 795
003979 795
003980 796
003981 796
003982 796
003983 796
003984 796
003985 797
003986 797
003987 797
003988 797
003989 797
003990 798
003991 798
003992 798
003993 798
003994 798
003995 799
003996 799
003997 799
003998 799
003999 799
004000 800
004001 800
004002 800
004003 800
004004 800
004005 801
004006 801
004007 801
004008 801
004009 801
004010 802
004011 802
004012 802
004013 802
004014 802
004015 803
004016 803
004017 803
004018 803
004019 803
004020 804
004021 804
004022 804
004023 804
004024 804
004025 805
004026 805
004027 805
004028 805
004029 805
004030 806
004031 806
004032 806
004033 806
004034 806
004035 807
004036 807
004037 807
004038 807
004039 807
004040 808
004041 808
004042 808
004043 808
004044 808
004045 809
004046 809
004047 809
004048 809
004049 809
004050 810
004051 810
004052 810
004053 810
004054 810
004055 811
004056 811
004057 811
004058 811
004059 811
004060 812
004061 812
004062 812
004063 812
004064 812
004065 813
004066 813
004067 813
004068 813
004069 813
004070 814
004071 814
004072 814
004073 814
004074 814
004075 815
004076 815
004077 815
004078 815
004079 815
004080 816
004081 816
004082 816
004083 816
004084 816
004085 817
004086 817
004087 817
004088 817
004089 817
004090 818
004091 818
004092 818
004093 818
004094 818
004095 819
004096 819
004097 819
004098 819
004099 819
004100 820
004101 820
004102 820
004103 820
004104 820
004105 821
004106 821
004107 821
004108 821
004109 821
004110 822
004111 822
004112 822
004113 822
004114 822
004115 823
004116 823
004117 823
004118 823
004119 823
004120 824
004121 824
004122 824
004123 824
004124 824
004125 825
004126 825
004127 825
004128 825
004129 825
004130 826
004131 826
004132 826
004133 826
004134 826
004135 827
004136 827
004137 827
004138 827
004139 827
004140 828
004141 828
004142 828
004143 828
004144 828
004145 829
004146 829
004147 829
004148 829
004149 829
004150 830
004151 830
004152 830
004153 830
004154 830
004155 831
004156 831
004157 831
004158 831
004159 831
004160 832
004161 832
004162 832
004163 832
004164 832
004165 833
004166 833
004167 833
004168 833
004169 833
004170 834
004171 834
004172 834
004173 834
004174 834
004175 835
004176 835
004177 835
004178 835
004179 835
004180 836
004181 836
004182 836
004183 836
004184 836
004185 837
004186 837
004187 837
004188 837
004189 837
004190 838
004191 838
004192 838
004193 838
004194 838
004195 839
004196 839
004197 839
004198 839
004199 839
004200 840
004201 840
004202 840
004203 840
004204 840
004205 841
004206 841
004207 841
004208 841
004209 841
004210 842
004211 842
004212 842
004213 842
004214 842
004215 843
004216 843
004217 843
004218 843
004219 843
004220 844
004221 844
004222 844
004223 844
004224 844
004225 845
004226 845
004227 845
004228 845
004229 845
004230 846
004231 846
004232 846
004233 846
004234 846
004235 847
004236 847
004237 847
004238 847
004239 847
004240 848
004241 848
004242 848
004243 848
004244 848
004245 849
004246 849
004247 849
004248 849
004249 849
004250 850
004251 850
004252 850
004253 850
004254 850
004255 851
004256 851
004257 851
004258 851
004259 851
004260 852
004261 852
004262 852
004263 852
004264 852
004265 853
004266 853
004267 853
004268 853
004269 853
004270 854
004271 854
004272 854
004273 854
004274 854
004275 855
004276 855
004277 855
004278 855
004279 855
004280 856
004281 856
004282 856
004283 856
004284 856
004285 857
004286 857
004287 857
004288 857
004289 857
004290 858
004291 858
004292 858
004293 858
004294 858
004295 859
004296 859
004297 859
004298 859
004299 859
004300 860
004301 860
004302 860
004303 860
004304 860
004305 861
004306 861
004307 861
004308 861
004309 861
004310 862
004311 862
004312 862
004313 862
004314 862
004315 863
004316 863
004317 863
004318 863
004319 863
004320 864
004321 864
004322 864
004323 864
004324 864
004325 865
004326 865
004327 865
004328 865
004329 865
004330 866
004331 866
004332 866
004333 866
004334 866
004335 867
004336 867
004337 867
004338 867
004339 867
004340 868
004341 868
004342 868
004343 868
004344 868
004345 869
004346 869
004347 869
004348 869
004349 869
004350 870
004351 870
004352 870
004353 870
004354 870
004355 871
004356 871
004357 871
004358 871
004359 871
004360 872
004361 872
004362 872
004363 872
004364 872
004365 873
004366 873
004367 873
004368 873
004369 873
004370 874
004371 874
004372 874
004373 874
004374 874
004375 875
004376 875
004377 875
004378 875
004379 875
004380 876
004381 876
004382 876
004383 876
004384 876
004385 877
004386 877
004387 877
004388 877
004389 877
004390 878
004391 878
004392 878
004393 878
004394 878
004395 879
004396 879
004397 879
004398 879
004399 879
004400 880
004401 880
004402 880
004403 880
004404 880
004405 881
004406 881
004407 881
004408 881
004409 881
004410 882
004411 882
004412 882
004413 882
004414 882
004415 883
004416 883
004417 883
004418 883
004419 883
004420 884
004421 884
004422 884
004423 884
004424 884
004425 885
004426 885
004427 885
004428 885
004429 885
004430 886
004431 886
004432 886
004433 886
004434 886
004435 887
004436 887
004437 887
004438 887
004439 887
004440 888
004441 888
004442 888
004443 888
004444 888
004445 889
004446 889
004447 889
004448 889
004449 889
004450 890
004451 890
004452 890
004453 890
004454 890
004455 891
004456 891
004457 891
004458 891
004459 891
004460 892
004461 892
004462 892
004463 892
004464 892
004465 893
004466 893
004467 893
004468 893
004469 893
004470 894
004471 894
004472 894
004473 894
004474 894
004475 895
004476 895
004477 895
004478 895
004479 895
004480 896
004481 896
004482 896
004483 896
004484 896
004485 897
004486 897
004487 897
004488 897
004489 897
004490 898
004491 898
004492 898
004493 898
004494 898
004495 899
004496 899
004497 899
004498 899
004499 899
004500 900
004501 900
004502 900
004503 900
004504 900
004505 901
004506 901
004507 901
004508 901
004509 901
004510 902
004511 902
004512 902
004513 902
004514 902
004515 903
004516 903
004517 903
004518 903
004519 903
004520 904
004521 904
004522 904
004523 904
004524 904
004525 905
004526 905
004527 905
004528 905
004529 905
004530 906
004531 906
004532 906
004533 906
004534 906
004535 907
004536 907
004537 907
004538 907
004539 907
004540 908
004541 908
004542 908
004543 908
004544 908
004545 909
004546 909
004547 909
004548 909
004549 909
004550 910
004551 910
004552 910
004553 910
004554 910
004555 911
004556 911
004557 911
004558 911
004559 911
004560 912
004561 912
004562 912
004563 912
004564 912
004565 913
004566 913
004567 913
004568 913
004569 913
004570 914
004571 914
004572 914
004573 914
004574 914
004575 915
004576 915
004577 915
004578 915
004579 915
004580 916
004581 916
004582 916
004583 916
004584 916
004585 917
004586 917
004587 917
004588 917
004589 917
004590 918
004591 918
004592 918
004593 918
004594 918
004595 919
004596 919
004597 919
004598 919
004599 919
004600 920
004601 920
004602 920
004603 920
004604 920
004605 921
004606 921
004607 921
004608 921
004609 921
004610 922
004611 922
004612 922
004613 922
004614 922
004615 923
004616 923
004617 923
004618 923
004619 923
004620 924
004621 924
004622 924
004623 924
004624 924
004625 925
004626 925
004627 925
004628 925
004629 925
004630 926
004631 926
004632 926
004633 926
004634 926
004635 927
004636 927
004637 927
004638 927
004639 927
004640 928
004641 928
004642 928
004643 928
004644 928
004645 929
004646 929
004647 929
004648 929
004649 929
004650 930
004651 930
004652 930
004653 930
004654 930
004655 931
004656 931
004657 931
004658 931
004659 931
004660 932
004661 932
004662 932
004663 932
004664 932
004665 933
004666 933
004667 933
004668 933
004669 933
004670 934
004671 934
004672 934
004673 934
004674 934
004675 935
004676 935
004677 935
004678 935
004679 935
004680 936
004681 936
004682 936
004683 936
004684 936
004685 937
004686 937
004687 937
004688 937
004689 937
004690 938
004691 938
004692 938
004693 938
004694 938
004695 939
004696 939
004697 939
004698 939
004699 939
004700 940
004701 940
004702 940
004703 940
004704 940
004705 941
004706 941
004707 941
004708 941
004709 941
004710 942
004711 942
004712 942
004713 942
004714 942
004715 943
004716 943
004717 943
004718 943
004719 943
004720 944
004721 944
004722 944
004723 944
004724 944
004725 945
004726 945
004727 945
004728 945
004729 945
004730 946
004731 946
004732 946
004733 946
004734 946
004735 947
004736 947
004737 947
004738 947
004739 947
004740 948
004741 948
004742 948
004743 948
004744 948
004745 949
004746 949
004747 949
004748 949
004749 949
004750 950
004751 950
004752 950
004753 950
004754 950
004755 951
004756 951
004757 951
004758 951
004759 951
004760 952
004761 952
004762 952
004763 952
004764 952
004765 953
004766 953
004767 953
004768 953
004769 953
004770 954
004771 954
004772 954
004773 954
004774 954
004775 955
004776 955
004777 955
004778 955
004779 955
004780 956
004781 956
004782 956
004783 956
004784 956
004785 957
004786 957
004787 957
004788 957
004789 957
004790 958
004791 958
004792 958
004793 958
004794 958
004795 959
004796 959
004797 959
004798 959
004799 959
004800 960
004801 960
004802 960
004803 960
004804 960
004805 961
004806 961
004807 961
004808 961
004809 961
004810 962
004811 962
004812 962
004813 962
004814 962
004815 963
004816 963
004817 963
004818 963
004819 963
004820 964
004821 964
004822 964
004823 964
004824 964
004825 965
004826 965
004827 965
004828 965
004829 965
004830 966
004831 966
004832 966
004833 966
004834 966
004835 967
004836 967
004837 967
004838 967
004839 967
004840 968
004841 968
004842 968
004843 968
004844 968
004845 969
004846 969
004847 969
004848 969
004849 969
004850 970
004851 970
004852 970
004853 970
004854 970
004855 971
004856 971
004857 971
004858 971
004859 971
004860 972
004861 972
004862 972
004863 972
004864 972
004865 973
004866 973
004867 973
004868 973
004869 973
004870 974
004871 974
004872 974
004873 974
004874 974
004875 975
004876 975
004877 975
004878 975
004879 975
004880 976
004881 976
004882 976
004883 976
004884 976
004885 977
004886 977
004887 977
004888 977
004889 977
004890 978
004891 978
004892 978
004893 978
004894 978
004895 979
004896 979
004897 979
004898 979
004899 979
004900 980
004901 980
004902 980
004903 980
004904 980
004905 981
004906 981
004907 981
004908 981
004909 981
004910 982
004911 982
004912 982
004913 982
004914 982
004915 983
004916 983
004917 983
004918 983
004919 983
004920 984
004921 984
004922 984
004923 984
004924 984
004925 985
004926 985
004927 985
004928 985
004929 985
004930 986
004931 986
004932 986
004933 986
004934 986
004935 987
004936 987
004937 987
004938 987
004939 987
004940 988
004941 988
004942 988
004943 988
004944 988
004945 989
004946 989
004947 989
004948 989
004949 989
004950 990
004951 990
004952 990
004953 990
004954 990
004955 991
004956 991
004957 991
004958 991
004959 991
004960 992
004961 992
004962 992
004963 992
004964 992
004965 993
004966 993
004967 993
004968 993
004969 993
004970 994
004971 994
004972 994
004973 994
004974 994
004975 995
004976 995
004977 995
004978 995
004979 995
004980 996
004981 996
004982 996
004983 996
004984 996
004985 997
004986 997
004987 997
004988 997
004989 997
004990 998
004991 998
004992 998
004993 998
004994 998
004995 999
004996 999
004997 999
004998 999
004999 999
